Subject	Run	Trial	Condition	Benefactor_cost	Reciprocity	Brain_pre_Pcare	Brain_pre_E2	Brain_pre_Reci
1101	1	1	1	8	8	12.67	13.79	12.12
1101	1	2	0	16	20	11.64	8.68	11.64
1101	1	3	0	4	5	13.65	7.18	13.37
1101	1	4	1	14	14	14.15	6.91	13.98
1101	1	5	0	10	13	13.51	2.27	13.63
1101	1	6	1	20	20	16.52	12.03	16.1
1101	1	7	1	6	6	9.49	9.4	9.44
1101	1	8	0	6	8	16.67	0.14	16.68
1101	1	9	1	12	12	13.02	3.38	13.37
1101	1	10	0	18	23	13.69	3.12	13.61
1101	1	11	1	18	18	16.27	6.02	16.21
1101	1	12	0	14	17	7.27	2.46	7.62
1101	1	13	0	8	10	7.97	6.17	8.18
1101	1	14	1	10	10	14.95	14.69	15.71
1101	1	15	0	20	25	16.93	8.95	17.1
1101	1	16	1	16	14	9.08	7.62	8.91
1101	1	17	1	4	6	10.72	6.87	11.47
1101	1	18	0	12	15	11.1	5.98	11.39
1101	2	19	0	20	25	17.09	7.76	16.77
1101	2	20	1	18	18	11.74	15.09	12.03
1101	2	21	0	4	4	14.46	6.92	14.42
1101	2	22	1	8	8	12.63	4.82	13.02
1101	2	23	0	12	15	12.69	-3.03	12.27
1101	2	24	1	14	14	16.45	10.53	16.65
1101	2	25	0	8	10	8.25	3.31	7.73
1101	2	26	0	18	24	12.38	4.4	13.31
1101	2	27	1	10	10	3.8	2.97	3.68
1101	2	28	1	20	20	13.27	7.34	13.27
1101	2	29	0	16	20	21.01	15.31	21.18
1101	2	30	1	16	15	11.83	5.71	12.09
1101	2	31	0	10	13	9.92	-3.33	9.46
1101	2	32	1	6	7	15.07	6.94	15.85
1101	2	33	1	12	12	13.07	5.18	13
1101	2	34	0	14	17	20.18	3.28	20.85
1101	2	35	1	4	4	15.24	12.52	15.41
1101	2	36	0	6	6	16.07	8.73	16.03
1101	3	37	1	10	10	12.76	0.52	12.53
1101	3	38	0	18	22	18.72	12.75	17.83
1101	3	39	1	18	18	13.54	4.99	13.03
1101	3	40	0	6	8	16.76	7.89	17.23
1101	3	41	1	8	8	6.57	3.62	6.5
1101	3	42	0	20	25	17.78	9.98	18.81
1101	3	43	1	14	14	11.86	-3.12	12.25
1101	3	44	0	8	10	10	5.99	10.42
1101	3	45	0	14	18	15.43	3.16	15.8
1101	3	46	1	12	12	12.59	9.96	12.3
1101	3	47	0	16	20	17.12	3.66	17.13
1101	3	48	1	6	6	12.77	8.96	12.32
1101	3	49	0	4	5	16	8.67	16.61
1101	3	50	0	10	13	15.3	0.61	15.8
1101	3	51	1	20	21	14.65	5.24	14.96
1101	3	52	0	12	14	21.12	3.41	21.14
1101	3	53	1	16	16	13.88	3.01	14.08
1101	3	54	1	4	4	17.21	18.6	17.07
1102	1	1	0	10	13	20.19	10.68	18.68
1102	1	2	1	14	15	13.62	0.39	14.13
1102	1	3	1	6	6	14.67	-5.26	15.6
1102	1	4	0	14	16	20.24	13.79	20.41
1102	1	5	0	6	7	13.19	-3.17	13.08
1102	1	6	1	12	13	14.22	2.21	13.78
1102	1	7	0	18	23	21.64	12.11	20.75
1102	1	8	1	16	18	15.73	3.28	15.67
1102	1	9	0	4	5	14.35	7.84	14.06
1102	1	10	1	10	11	15.99	3.04	15.53
1102	1	11	1	20	25	24.95	8.28	24.42
1102	1	12	0	20	25	18.86	5.22	18.39
1102	1	13	1	4	5	14.3	5.66	13.6
1102	1	14	0	12	15	16.1	9.99	15.6
1102	1	15	1	18	19	13.44	0.65	13.42
1102	1	16	0	8	9	8.6	5.4	8.97
1102	1	17	1	8	9	7.69	4	7.19
1102	1	18	0	16	20	14.2	0.76	14.35
1102	2	19	1	18	20	14.87	8.05	15
1102	2	20	0	4	5	10.11	2.77	10.81
1102	2	21	0	12	15	2.84	7.09	2.34
1102	2	22	1	14	15	9.85	-5.65	10.24
1102	2	23	1	6	7	13.99	12.42	12.36
1102	2	24	0	20	25	18.33	7.05	18.02
1102	2	25	0	6	7	12.84	6.46	12.32
1102	2	26	1	20	25	11.94	-2.16	12.32
1102	2	27	0	14	15	6.93	4.05	6.55
1102	2	28	1	16	17	14.16	9.33	14.06
1102	2	29	0	10	13	7.04	9.91	6.28
1102	2	30	1	8	9	8.95	4.25	7.36
1102	2	31	1	10	11	15.44	-3.04	16.2
1102	2	32	0	8	10	2.39	11.88	0.55
1102	2	33	0	18	23	14.05	7.59	13.55
1102	2	34	1	4	5	11.83	0.34	11.58
1102	2	35	1	12	14	13.21	6.98	12.37
1102	2	36	0	16	22	15.98	3.76	15.31
1102	3	37	0	16	22	20.79	6.01	21.02
1102	3	38	1	18	20	14.1	0.01	13.98
1102	3	39	0	10	12	15.55	10.08	15.1
1102	3	40	1	4	5	18.02	8.94	17.53
1102	3	41	1	16	18	22.59	13	22.19
1102	3	42	0	14	16	17.24	12.33	17.63
1102	3	43	1	6	7	13.87	5.82	13.61
1102	3	44	0	4	5	20.25	7.69	19.15
1102	3	45	1	20	22	20.57	14.09	20.64
1102	3	46	0	20	25	20.63	14.83	20.52
1102	3	47	0	6	8	12.14	11.35	10.67
1102	3	48	1	8	9	10.81	9	10.1
1102	3	49	0	8	10	11.66	11.72	9.98
1102	3	50	1	12	13	10.49	-1.64	10.29
1102	3	51	0	18	23	11.55	5.88	11.45
1102	3	52	1	14	15	7.1	-1.75	7.5
1102	3	53	1	10	12	11.45	7.51	10.69
1102	3	54	0	12	15	17.44	16.73	15.83
1103	1	1	1	16	11	10.86	2.18	9.12
1103	1	2	0	8	10	5.55	11.96	7.28
1103	1	3	1	4	0	10.17	9.83	10.26
1103	1	4	0	14	17	12.72	4.86	12.04
1103	1	5	0	20	19	14.14	4.8	13.73
1103	1	6	1	10	6	7.78	11.27	8.48
1103	1	7	0	6	8	8.74	4.78	9.27
1103	1	8	0	12	15	15.23	3.99	13.51
1103	1	9	1	6	2	12.8	6.94	12.9
1103	1	11	0	18	17	13.31	8.38	12.97
1103	1	12	1	14	13	14.05	1.55	13.46
1103	1	13	0	10	14	5.73	9.37	7.6
1103	1	14	0	16	14	14.18	5.65	14.27
1103	1	15	1	8	5	9.56	5.14	11.28
1103	1	16	0	4	5	17.76	8.3	15.71
1103	1	17	1	20	19	13.39	4.44	11.95
1103	1	18	1	12	11	14.12	5.11	13.02
1103	2	19	0	18	13	12.93	5.26	12.38
1103	2	20	1	20	18	15.57	5.86	13.87
1103	2	21	0	8	10	14.47	2.47	11.75
1103	2	22	1	4	2	9.99	7.31	9.62
1103	2	23	1	12	10	11.61	1.36	11.48
1103	2	24	0	14	15	13.41	4.81	15.76
1103	2	25	0	10	12	13.61	6.39	14.73
1103	2	26	1	8	6	10.82	2.81	9.68
1103	2	27	1	18	12	12.79	9.96	14.8
1103	2	28	0	20	22	17.3	0.21	15.26
1103	2	29	0	16	18	17.02	2.93	18.94
1103	2	30	1	16	12	7.92	5.45	9.77
1103	2	31	0	6	7	11.26	1.53	10.87
1103	2	32	1	10	9	8.75	4.73	6.77
1103	2	33	1	14	12	18.45	0.42	13.32
1103	2	34	0	12	14	14.93	8.66	13.49
1103	2	35	1	6	4	15.68	6.44	13.82
1103	2	36	0	4	5	6.97	0.95	6.3
1103	3	37	1	18	16	6.5	8.34	7.58
1103	3	38	0	10	13	12.07	7.71	12.43
1103	3	39	1	6	5	16.48	3.5	14.98
1103	3	40	0	18	22	18.85	9.55	15.6
1103	3	41	0	8	13	22.45	3.57	19.18
1103	3	42	1	20	18	15.71	1.84	12.67
1103	3	43	1	8	7	20.37	0.22	15.88
1103	3	44	0	14	15	14.41	-0.06	11.96
1103	3	45	1	14	16	16.91	8.05	14.07
1103	3	46	0	12	14	7.23	2.57	7.03
1103	3	47	1	16	13	9.63	15.83	12
1103	3	48	0	6	6	5.82	21.9	9.06
1103	3	49	0	20	21	13.5	5.94	13.25
1103	3	50	1	4	4	16.48	20.9	18.11
1103	3	51	0	16	17	7.79	-11.1	5.52
1103	3	52	1	10	8	25.32	12.57	28.63
1103	3	53	0	4	6	16.72	-0.33	14.2
1103	3	54	1	12	13	7.89	8.1	10.35
1104	1	1	1	10	25	15.1	6.47	19.98
1104	1	2	0	14	25	25.36	8.98	28.02
1104	1	3	0	6	15	22.32	5.99	24.27
1104	1	4	1	14	25	19.55	3.53	24.66
1104	1	5	0	12	20	26.67	10.61	28.15
1104	1	6	1	6	10	7.76	3.57	9.07
1104	1	7	1	18	25	18.74	9.93	21.17
1104	1	8	0	16	25	21.55	4.09	25.04
1104	1	9	1	4	5	10.2	6.29	11.12
1104	1	10	0	10	20	23.7	10.01	27.5
1104	1	11	1	20	25	20.16	7.25	20.61
1104	1	12	0	20	25	16.11	4.39	20.98
1104	1	13	0	4	5	10.71	-0.39	15.93
1104	1	14	1	12	20	14.43	7.53	19.41
1104	1	15	0	18	25	15.93	5.1	20.41
1104	1	16	1	8	15	17.99	0.86	22.2
1104	1	17	1	16	22	9.18	2.01	13.81
1104	1	18	0	8	14	8.92	4.29	13.41
1104	2	19	0	18	25	10.29	-1.17	17.15
1104	2	20	1	4	5	12.42	3.47	17.17
1104	2	21	0	14	24	14.12	5.6	20.53
1104	2	22	1	12	20	10.26	4.52	15.07
1104	2	23	0	6	10	14.62	16.23	18.35
1104	2	24	1	20	25	19.67	5.1	23.38
1104	2	25	0	20	25	20.67	9	23.31
1104	2	26	0	16	24	16.31	7.15	20.93
1104	2	27	1	6	11	20.41	12.79	22.59
1104	2	28	1	14	20	12.36	3.88	15.17
1104	2	29	0	8	15	15.15	6.49	17.61
1104	2	30	1	10	18	25.76	11.38	30.53
1104	2	31	0	10	20	21.75	8.58	27.44
1104	2	32	1	8	12	13.93	14.22	17.47
1104	2	33	1	18	25	8.84	4.72	9.4
1104	2	34	0	4	5	8.25	3.68	8.7
1104	2	35	1	16	24	21.55	5.4	25.63
1104	2	36	0	12	18	15.49	3.79	17.89
1104	3	37	1	16	24	13.74	1.51	19.18
1104	3	38	0	18	25	18.73	1.02	20.98
1104	3	39	1	10	20	21.83	12.13	24.12
1104	3	40	0	4	5	17.23	11.69	16.3
1104	3	41	1	14	24	12.74	9.05	16.61
1104	3	42	0	16	25	12.65	6.04	16.64
1104	3	43	1	4	5	21.23	8.23	21.4
1104	3	44	0	6	10	10.9	4.05	12.5
1104	3	45	0	20	25	13.67	7.07	15.02
1104	3	46	1	20	25	12.76	4.67	16.46
1104	3	47	0	8	16	9.87	1.59	15.05
1104	3	48	1	6	10	11.71	-3.48	13.96
1104	3	49	0	12	20	11.98	9.39	16.27
1104	3	50	0	14	22	5.1	3.41	11.13
1104	3	51	1	8	12	6.35	-17.37	9.87
1104	3	52	0	10	20	7.84	-14.96	12.75
1104	3	53	1	18	24	8.17	8.25	12.57
1104	3	54	1	12	18	16.1	5.2	21.63
1105	1	1	0	16	17	14.33	8.72	13.25
1105	1	2	1	8	13	16.66	1.11	14.98
1105	1	3	1	14	16	10.26	8.37	10.69
1105	1	4	0	4	3	6.37	12.74	6.52
1105	1	5	0	10	10	12.5	1.86	12.13
1105	1	6	1	20	13	15.14	1.3	15
1105	1	7	0	6	5	9.46	9.62	9.04
1105	1	8	1	6	5	9.63	3.26	9.61
1105	1	9	0	18	20	10.98	4.81	10.86
1105	1	10	1	12	13	16.31	13.94	15.33
1105	1	11	1	18	20	15.94	3.71	14.47
1105	1	12	0	14	15	11.33	5.88	10.08
1105	1	13	1	10	11	13.02	9.09	12.41
1105	1	14	0	8	10	16.74	6.46	15.46
1105	1	15	1	16	20	13.51	4.63	11.72
1105	1	16	0	20	20	14.56	10.28	12.97
1105	1	17	1	4	4	16.01	5.68	13.64
1105	1	18	0	12	15	15.74	10.32	13.76
1105	2	19	1	18	19	11.54	9.66	11.06
1105	2	20	0	20	22	22.69	9.66	20.51
1105	2	21	0	4	4	15.54	-1.29	14.13
1105	2	22	1	8	6	8.43	3.84	7.7
1105	2	23	1	14	15	3.69	2.03	2.04
1105	2	24	0	12	12	11.11	4.42	12.33
1105	2	25	0	8	10	10.12	4.14	9.03
1105	2	26	1	10	11	9.08	7.06	7.38
1105	2	27	0	18	20	15.99	6.73	15.73
1105	2	28	1	20	20	15.59	3.9	14.08
1105	2	29	0	16	17	4.86	7.87	6.22
1105	2	30	1	16	15	6.52	3.47	6.43
1105	2	31	1	6	7	7.36	4.78	8.28
1105	2	32	0	10	11	8.47	1.66	6.67
1105	2	33	0	14	15	10.14	4.53	9.15
1105	2	34	1	12	12	8.12	7.82	8.96
1105	2	35	1	4	6	15.43	3.11	13.24
1105	2	36	0	6	6	16.36	8.86	14.23
1105	3	37	0	18	20	16.86	7.06	13.94
1105	3	38	1	10	11	4.97	4.65	6.56
1105	3	39	0	6	7	12.04	-2.62	11.02
1105	3	40	1	18	20	11.01	9.63	12.2
1105	3	41	1	8	8	19.86	2.12	15.78
1105	3	42	0	20	20	8.67	1.28	10.89
1105	3	43	1	14	14	11.45	6.63	10.53
1105	3	44	0	8	8	13.25	6.62	11.59
1105	3	45	1	12	13	17.02	8.81	15.49
1105	3	46	0	14	15	18	8.61	17.79
1105	3	47	0	16	18	24.69	17.27	19.52
1105	3	48	1	6	7	9.65	17.22	10.73
1105	3	49	0	4	5	16.56	4.71	14.09
1105	3	50	1	20	21	20.12	6.3	17.31
1105	3	51	0	10	11	14.99	12.24	15.98
1105	3	52	1	16	17	20.94	6.08	16.93
1105	3	53	1	4	3	14.67	10.42	11.81
1105	3	54	0	12	12	12.42	2.83	11.72
1106	1	1	1	14	16	18.96	8.5	21.15
1106	1	2	0	10	16	17.27	9.65	19.29
1106	1	3	1	6	10	21.18	9.9	22.93
1106	1	4	0	14	20	24.41	5.2	25.89
1106	1	5	0	6	12	12.68	6.99	14.3
1106	1	6	1	12	14	18.42	5.9	20.52
1106	1	7	0	18	25	23.53	2.22	24.94
1106	1	8	0	4	6	14.98	6.9	16.54
1106	1	9	1	16	20	11.15	9.91	12.64
1106	1	11	0	20	25	21.4	9.54	22.79
1106	1	12	1	20	24	11.08	2.05	12.6
1106	1	13	0	12	18	5.68	-2.13	8.33
1106	1	14	0	8	12	13.44	5.88	15.5
1106	1	15	1	4	5	9.6	8.84	10.48
1106	1	16	0	16	22	16.48	0.3	18.58
1106	1	17	1	18	20	14.49	-0.88	15.96
1106	1	18	1	8	10	12.05	4.72	13.47
1106	2	19	0	4	5	17.91	9.67	19.91
1106	2	20	1	18	22	15.81	-1.78	17
1106	2	21	0	12	18	20.69	0.69	22.95
1106	2	22	1	14	18	8.71	6.53	10.04
1106	2	23	1	6	7	17.24	13.57	18.02
1106	2	24	0	20	25	14.99	10.27	15.42
1106	2	25	0	6	8	13.94	5.01	15.83
1106	2	26	1	20	24	16.43	0.17	17.98
1106	2	27	1	16	19	9.08	6.63	10.49
1106	2	28	0	14	19	9.62	-0.47	11.47
1106	2	30	1	8	10	7.8	9.02	9.06
1106	2	31	0	8	12	8.55	5.15	10.15
1106	2	32	1	10	13	-1.54	1.98	3.48
1106	2	34	0	18	24	19.2	2.87	19.52
1106	2	35	1	12	15	14.4	7.21	15.74
1106	2	36	0	16	23	12.24	12.1	14.76
1106	3	37	1	18	22	12.25	4.83	14.05
1106	3	38	0	16	21	15.29	8.21	16.74
1106	3	39	1	4	5	10.39	3.48	11.72
1106	3	40	0	10	16	8.16	-0.34	9.8
1106	3	41	0	14	21	10.12	1.52	11.95
1106	3	42	1	16	19	5.87	-3.51	7.87
1106	3	43	1	6	8	5.02	1.37	6.3
1106	3	44	0	4	6	10.48	4.07	11.98
1106	3	46	0	20	25	25.19	10.19	27.16
1106	3	47	1	8	11	15.48	19.46	16.5
1106	3	48	0	6	10	15.8	6.68	18.77
1106	3	49	0	8	14	16.53	7.15	18.88
1106	3	50	1	12	16	21.02	12.92	22.9
1106	3	51	0	18	24	31.02	17.37	34.26
1106	3	52	1	14	18	17.24	14.73	19.09
1106	3	53	0	12	18	10.55	3.03	12.58
1106	3	54	1	10	13	20.95	16.95	23.01
1107	1	1	1	16	18	12.67	9.54	10.82
1107	1	2	0	6	5	11.24	2.31	9.31
1107	1	3	0	14	15	21.87	2.95	19.09
1107	1	4	1	4	2	11.81	-0.05	8.92
1107	1	5	0	20	25	18.58	6.21	16.32
1107	1	6	1	10	10	15.68	8.13	14.32
1107	1	7	1	18	18	15.26	9.13	13.78
1107	1	8	0	8	8	12.37	4.26	10.2
1107	1	9	1	6	5	9.22	7.67	7.59
1107	1	10	0	12	10	15.01	13.53	13.19
1107	1	11	1	14	14	15.03	12.57	12.12
1107	1	12	0	18	20	14.05	7.64	12.32
1107	1	13	0	10	13	12.57	2.97	10.69
1107	1	14	1	8	8	11.85	1.28	10.25
1107	1	15	0	16	18	15.81	2.53	13.92
1107	1	16	1	20	17	16.62	5.74	14.53
1107	1	17	1	12	10	9.97	6.69	7.93
1107	1	18	0	4	4	10.1	0.81	8.5
1107	2	19	0	18	20	15.45	1.84	13.84
1107	2	20	1	20	19	14.73	5.13	12.92
1107	2	21	0	8	9	14.07	6.33	12.13
1107	2	22	1	4	3	12.41	0.71	10.64
1107	2	23	0	14	16	16.92	-1.63	14.8
1107	2	24	1	16	16	18.58	-0.79	16.47
1107	2	25	0	10	11	16.22	5.03	13.99
1107	2	26	0	20	25	17.61	4.62	15.06
1107	2	27	1	8	8	4.89	5.6	3.54
1107	2	28	1	12	12	9.05	0.42	7.63
1107	2	29	0	16	17	12.37	7.07	9.62
1107	2	30	1	18	18	20.19	4.02	16.81
1107	2	31	0	6	6	11.18	4.37	9.25
1107	2	32	1	10	10	11.66	3.92	10.1
1107	2	33	1	14	14	11.73	10.12	10.05
1107	2	34	0	12	12	15.88	5.82	14.55
1107	2	35	1	6	5	12.4	7.45	10.94
1107	2	36	0	4	3	13.35	6.95	11.62
1107	3	37	1	16	16	19.11	12.15	17.98
1107	3	38	0	8	8	10.34	-2.37	10.13
1107	3	39	1	6	5	5.12	9.5	3.04
1107	3	40	0	18	19	13.46	3.72	11.8
1107	3	41	1	20	21	17.69	12.33	15.09
1107	3	42	0	10	11	9.47	4.94	8.78
1107	3	43	1	8	8	11.43	14.67	8.97
1107	3	44	0	16	18	14.53	13.11	12.05
1107	3	45	0	12	13	13.75	5.14	11.97
1107	3	46	1	14	14	14.85	10.66	13.69
1107	3	47	0	6	6	7.62	-0.56	6.1
1107	3	48	1	18	19	14.95	7.77	13.17
1107	3	49	0	20	23	13.46	-2.61	11.2
1107	3	50	0	14	14	18.97	5.3	16.86
1107	3	51	1	4	3	16.37	2.62	13.77
1107	3	52	0	4	3	11.73	3.09	9.26
1107	3	53	1	10	10	12.26	0.03	10.12
1107	3	54	1	12	12	17.24	8.5	15.05
1108	1	1	0	14	10	19.35	6.47	10.86
1108	1	2	1	10	6	16.61	4.22	8.27
1108	1	3	1	18	12	18.62	1.13	8.24
1108	1	4	0	6	0	15.75	2.62	8.09
1108	1	5	0	12	6	19.95	2.67	13.48
1108	1	6	1	8	3	13.44	-0.42	6.53
1108	1	7	0	16	10	16.59	4.8	9.1
1108	1	8	1	20	14	15.44	9.58	8.29
1108	1	9	0	10	4	15.54	8.73	9.4
1108	1	10	1	4	0	17.46	3.25	9.59
1108	1	11	1	14	2	15.7	2.16	7.12
1108	1	12	0	20	15	15.01	9.49	8.58
1108	1	13	1	6	0	13.15	5.27	6.67
1108	1	14	0	4	0	11.57	7.18	3.05
1108	1	15	1	12	5	13.45	6.83	5.02
1108	1	16	0	18	14	16.67	11.44	8.63
1108	1	17	1	16	8	12.34	5.18	6.67
1108	1	18	0	8	2	17.17	9.88	8.88
1108	2	19	1	4	0	22.1	11.37	13.51
1108	2	20	0	18	13	18.2	7.78	8.9
1108	2	21	0	14	9	12.08	14.47	7.47
1108	2	22	1	12	5	10.51	17.33	3.8
1108	2	23	1	18	14	12.38	5.27	6.19
1108	2	24	0	6	3	20.75	10.94	9.92
1108	2	25	0	20	18	12.53	-7.78	4.91
1108	2	26	1	8	2	11.44	8.33	5.38
1108	2	27	0	16	9	12.04	2.04	6.15
1108	2	28	1	14	5	12.12	8.96	5.66
1108	2	29	0	8	4	9.79	-1.47	3.68
1108	2	30	1	10	4	14.71	10.81	7.62
1108	2	31	1	6	0	15.17	6.88	8.53
1108	2	32	0	12	7	10.43	4.57	6.88
1108	2	33	0	4	0	13.26	-11.14	4.53
1108	2	34	1	20	14	18.42	5.04	10.37
1108	2	35	1	16	8	16.73	6.25	8.71
1108	2	36	0	10	5	14.11	6.29	4.73
1108	3	37	0	18	14	8.88	4.8	3.21
1108	3	38	1	16	10	19.08	-3.89	12
1108	3	39	0	4	0	11.58	4.17	3.63
1108	3	40	1	10	3	9.47	4.72	0.61
1108	3	41	1	14	6	15.44	1.83	7.38
1108	3	42	0	20	18	13.38	-0.72	7.01
1108	3	43	1	4	0	12.99	5.22	5.59
1108	3	44	0	6	1	10.26	3.95	1.68
1108	3	45	1	18	14	23.21	7.77	13.73
1108	3	46	0	16	13	18.93	1.37	9.58
1108	3	47	0	8	2	11.17	10.26	4.23
1108	3	48	1	6	5	15.58	3.59	7.84
1108	3	49	0	12	6	13.88	0.52	7.15
1108	3	50	1	20	15	21.86	-0.35	12.45
1108	3	51	0	14	8	10.07	6.56	4.29
1108	3	52	1	8	3	7.97	-8.53	2.29
1108	3	53	1	12	6	18.85	8.53	9.75
1108	3	54	0	10	6	20.57	9.32	14.02
1109	1	1	1	6	4	14.94	4.7	12.44
1109	1	2	0	16	12	14.87	7.66	15.16
1109	1	3	1	14	16	25.02	10.55	26.2
1109	1	4	0	4	6	15.13	7.23	13.52
1109	1	5	0	10	15	15.4	3.18	15.53
1109	1	6	1	20	20	19.58	3.92	17
1109	1	7	0	18	20	12.04	2.06	12.21
1109	1	8	0	6	4	14.99	7.45	13.92
1109	1	9	1	8	10	11.93	-0.51	10.19
1109	1	10	1	12	16	10.84	5.37	9.39
1109	1	11	0	14	18	17.63	2.58	17.17
1109	1	12	1	18	20	14.55	15.64	12.71
1109	1	13	0	8	10	7.97	4.01	9.58
1109	1	14	0	20	23	15.84	8.55	13.81
1109	1	15	1	10	12	21.42	3.49	22.33
1109	1	16	0	12	16	12.2	-0.72	7.52
1109	1	17	1	16	17	12.97	13.04	14.73
1109	1	18	1	4	6	18.59	10.61	15.33
1109	2	19	0	20	21	12.79	8.32	10.84
1109	2	20	1	18	20	15.59	10.48	12.5
1109	2	21	0	4	3	11.92	6.16	10.86
1109	2	22	1	8	10	12.49	8.48	9.99
1109	2	23	1	14	18	7.25	5.57	4.15
1109	2	24	0	16	20	15.39	-0.65	14.58
1109	2	25	0	8	8	12.56	-2.03	13.83
1109	2	26	1	10	14	13.94	-0.93	15.81
1109	2	27	1	20	21	18.24	3.83	16.21
1109	2	28	0	12	16	9.54	-1.69	9.59
1109	2	29	0	18	20	19.9	6.13	17.44
1109	2	30	1	16	19	16.55	2.08	13.48
1109	2	31	0	10	14	12.6	3.41	13.14
1109	2	32	1	6	1	10.68	1.62	8.24
1109	2	33	1	12	15	17.92	15.62	18.74
1109	2	34	0	14	16	21.02	5.14	18.64
1109	2	35	1	4	0	11.97	3.83	10.77
1109	2	36	0	6	8	14.54	-2.18	11.98
1109	3	37	1	8	8	14.34	5	14.74
1109	3	38	0	16	20	17.17	5.09	16.21
1109	3	39	1	18	20	18.93	5.53	18.81
1109	3	40	0	6	8	16.07	4.15	13.92
1109	3	41	0	20	23	13.95	2.24	13.33
1109	3	42	1	10	13	9.9	0.48	9.73
1109	3	43	1	16	13	9.55	9.75	8.5
1109	3	44	0	8	10	16.42	18.36	15.15
1109	3	45	1	12	14	14.8	11.69	13.94
1109	3	46	0	14	18	13.3	8.92	15.14
1109	3	47	1	6	3	19.33	3.2	17.48
1109	3	48	0	18	20	15.24	10.86	16.18
1109	3	49	0	4	4	13.34	12.26	16.22
1109	3	50	1	20	22	9.21	4.97	8.28
1109	3	51	0	10	13	8.64	3.86	8.14
1109	3	52	1	14	17	15.11	6.42	14.19
1109	3	53	0	12	16	10.6	0.67	9.36
1109	3	54	1	4	0	11.68	6.73	9.03
1110	1	1	1	14	15	19.18	9.26	17.43
1110	1	2	0	10	11	14.75	4.24	14.09
1110	1	3	0	18	20	6.91	9.22	7.56
1110	1	4	1	6	7	19.04	13.79	17.54
1110	1	5	0	8	10	16.67	0.88	15.81
1110	1	6	1	12	14	14.39	8.67	13.3
1110	1	8	0	20	24	17.39	-1.27	20.09
1110	1	9	1	10	13	9.01	2.25	10.6
1110	1	10	0	4	5	12.62	4.37	12.14
1110	1	12	0	14	16	19.82	-2.16	21.07
1110	1	13	0	6	8	12.7	2.43	11.2
1110	1	14	1	4	5	16.18	6.44	15.93
1110	1	15	0	12	15	19.32	7.69	18.19
1110	1	16	1	18	20	10.54	3.94	11.12
1110	1	17	1	8	9	10.45	0.47	11.17
1110	1	18	0	16	20	11.25	10.88	10.66
1110	2	19	0	4	5	13.55	4.95	13.8
1110	2	20	1	18	20	18.7	2.92	17.78
1110	2	21	0	12	14	14.97	7.56	14.96
1110	2	22	1	14	15	18.09	4.47	17.18
1110	2	23	0	18	23	13.72	11.73	13.04
1110	2	24	1	6	7	12.31	0.78	13.21
1110	2	25	0	8	11	12.33	8.83	12.27
1110	2	26	0	14	13	8.54	23.81	6.36
1110	2	28	1	16	18	15.18	7.88	14.41
1110	2	29	0	10	12	14.29	6.05	13.59
1110	2	30	1	8	9	8.92	13.53	7.12
1110	2	31	0	6	8	-0.24	5.34	1.55
1110	2	32	1	12	14	17.74	8.29	15.59
1110	2	33	1	4	5	18.81	4.92	18.33
1110	2	34	0	20	25	16.09	6.46	15.55
1110	2	35	1	10	12	9.39	6.07	8.65
1110	2	36	0	16	20	10.33	2.76	10.13
1110	3	37	1	18	20	14.37	8.86	14.2
1110	3	38	0	16	20	13.39	8.56	13.63
1110	3	39	1	4	5	12.58	6.49	12.59
1110	3	40	0	10	12	7.36	4.19	7.23
1110	3	42	0	14	17	3.93	9.49	5.24
1110	3	43	1	6	7	7.09	16.32	7.7
1110	3	44	0	4	13	16.04	8.88	16.25
1110	3	45	0	18	22	14.59	4.78	15.04
1110	3	46	1	16	18	11.61	5.64	12.47
1110	3	47	0	6	8	16.03	4.91	15.1
1110	3	48	1	8	10	8.93	1.25	9.56
1110	3	50	0	8	10	14.91	7.18	16.02
1110	3	51	1	12	14	13.56	1.28	13.78
1110	3	52	0	12	15	15.48	6.22	17.72
1110	3	53	1	14	16	12.69	4.9	13.95
1110	3	54	1	10	12	13.04	3.84	14.42
1111	1	1	0	6	7	14.22	5.2	12.65
1111	1	3	1	4	4	19.69	14.59	18.14
1111	1	4	0	14	16	21.22	-3.13	19.76
1111	1	5	0	20	13	14.58	0.2	13.73
1111	1	6	1	10	12	17.39	1.35	17.01
1111	1	7	0	8	9	18.81	-0.68	16.97
1111	1	8	1	18	21	18.09	1.42	17.14
1111	1	9	0	12	14	10.64	-6.44	9.55
1111	1	10	1	6	6	10	7.01	9.17
1111	1	11	1	14	16	18.4	7.81	17.39
1111	1	12	0	18	21	15.07	3.95	14.1
1111	1	13	1	8	10	9.26	1.05	8.8
1111	1	14	0	10	12	17.73	5.94	15.15
1111	1	15	1	20	22	18.51	7.87	16.99
1111	1	16	0	16	18	18.61	4.97	17.76
1111	1	17	1	12	13	13.29	0.03	10.62
1111	1	18	0	4	4	11.47	1.24	10.01
1111	2	19	1	20	24	18.75	8.74	17.58
1111	2	20	0	18	21	16.72	1.8	15.05
1111	2	21	0	8	9	11.67	6.95	11.39
1111	2	22	1	4	4	12.36	6.94	12.36
1111	2	23	1	16	20	19.64	9.3	17.87
1111	2	24	0	14	16	14.27	-2.15	12.39
1111	2	25	0	10	12	9.49	2.88	7.96
1111	2	26	1	8	9	12.69	9.16	12.3
1111	2	27	0	20	24	18.69	7.35	18.63
1111	2	28	1	12	14	18.43	5.68	17.43
1111	2	29	0	16	19	18.58	4.42	16.41
1111	2	30	1	18	21	20.3	11.56	19.11
1111	2	31	1	10	12	15.22	10.1	14.01
1111	2	32	0	6	6	12.87	4.83	11.96
1111	2	33	0	12	14	14.24	6.49	14.39
1111	2	34	1	14	16	13.78	9.78	12.72
1111	2	35	1	6	7	9.11	4.73	8.11
1111	2	36	0	4	4	15.85	7.23	14.76
1111	3	37	0	8	9	11.46	1.06	11.36
1111	3	38	1	16	18	12.52	9.02	12.75
1111	3	39	0	18	21	15.74	9.49	14.58
1111	3	40	1	6	7	11.58	9.96	11.83
1111	3	41	1	20	24	19.67	10.05	18.53
1111	3	42	0	10	12	17.31	6.9	16.63
1111	3	43	1	8	9	13.48	13.61	14.78
1111	3	44	0	16	20	17.54	3.96	16.27
1111	3	45	1	14	16	9.56	10.67	8.58
1111	3	46	0	12	14	17.18	3.23	15.75
1111	3	47	0	6	6	15.79	0.79	15.41
1111	3	48	1	18	21	7.96	11.54	8.39
1111	3	49	0	20	24	18.38	7.84	17.05
1111	3	50	1	4	4	10.13	8.46	8.62
1111	3	51	0	14	16	17.55	3.41	16.69
1111	3	52	1	10	12	18.19	8	17.36
1111	3	53	1	12	13	15.55	5.3	15.91
1111	3	54	0	4	4	11.62	3.96	10.54
1112	1	1	1	10	11	16.08	7.87	13.42
1112	1	2	0	14	16	9.63	-5.21	7.26
1112	1	3	1	18	15	14.67	1.2	11.25
1112	1	4	0	6	10	11.73	4.44	10.31
1112	1	5	0	12	15	15.52	2.6	13.87
1112	1	6	1	8	9	9.94	12.88	12.11
1112	1	7	0	16	16	12.45	5.4	11.34
1112	1	8	0	10	11	12.79	10.78	12.44
1112	1	9	1	20	15	10.84	4.3	9.61
1112	1	10	1	4	3	7.71	8.09	7.63
1112	1	11	0	20	21	11.68	-2.61	9.12
1112	1	12	1	14	13	3.48	7.13	3.18
1112	1	13	0	4	3	5.3	7.28	6.42
1112	1	14	0	18	13	17.53	5.1	15.07
1112	1	15	1	6	3	5.13	0.76	4.32
1112	1	16	0	8	10	7.67	8.43	8.86
1112	1	17	1	12	13	11.58	5.2	12.72
1112	1	18	1	16	16	9.91	10.13	9.76
1112	2	19	0	18	18	9.84	9.27	10.13
1112	2	20	1	4	3	12.16	8.5	10.68
1112	2	21	0	14	15	13.2	3.42	13.03
1112	2	22	1	12	10	9.87	7.17	7.28
1112	2	23	1	18	13	16.47	2.2	11.87
1112	2	24	0	6	8	12.01	7.09	11.56
1112	2	25	0	20	20	21.59	6.09	14.8
1112	2	26	1	8	5	8.37	4.04	5.41
1112	2	27	1	14	12	15.74	-0.4	10.43
1112	2	28	0	16	16	14.54	2.09	13.12
1112	2	29	0	8	10	11.76	5.25	8.6
1112	2	30	1	10	10	17.87	0.29	13.02
1112	2	31	0	12	13	16.5	4.03	13.33
1112	2	32	1	6	5	8.78	9.91	8.96
1112	2	33	1	20	15	10.24	4.57	9.46
1112	2	34	0	4	2	9.66	2.28	9.72
1112	2	35	1	16	15	7.65	8.19	8.68
1112	2	36	0	10	11	7.74	6.34	8.3
1112	3	37	1	16	13	7.99	-1.13	9.39
1112	3	38	0	18	18	17.15	14.67	14.44
1112	3	39	1	10	9	9.43	8.25	8.96
1112	3	40	0	4	2	11.55	8.29	10.13
1112	3	41	0	20	14	17.44	8.03	14.12
1112	3	42	1	14	12	13.92	7.31	14.37
1112	3	43	1	4	1	13.75	5.82	12.02
1112	3	44	0	6	8	14.94	9.31	12.75
1112	3	45	1	18	15	15.35	4.38	13.01
1112	3	46	0	16	13	15.03	1.55	11.62
1112	3	47	1	6	5	13.42	4.39	10.53
1112	3	48	0	8	10	25.01	5.55	22.34
1112	3	49	0	12	13	5.76	13.35	8.07
1112	3	50	1	20	10	17.02	14.09	14.1
1112	3	51	0	14	15	18.4	4.3	15.68
1112	3	52	1	8	6	10.86	5.76	11.54
1112	3	53	0	10	12	6.83	1.73	7.53
1112	3	54	1	12	10	12.04	3.01	10.37
1114	1	1	0	10	6	15.97	6.18	15.27
1114	1	2	1	14	17	17.75	10.19	21.2
1114	1	3	1	6	7	16.6	1.07	16.54
1114	1	4	0	18	5	20.85	11.67	19.71
1114	1	5	0	8	3	14.17	-9.42	12.1
1114	1	6	1	12	15	15.14	5.92	12.55
1114	1	7	0	20	25	17.7	1.99	16.06
1114	1	8	1	16	18	17.08	8.2	16.11
1114	1	9	0	4	1	13.22	5.02	13.14
1114	1	10	1	10	11	12.7	-0.51	13.99
1114	1	11	1	20	22	13.48	8.94	14.04
1114	1	12	0	14	20	8.38	16.54	11.75
1114	1	13	1	4	13	11.88	6.66	12.65
1114	1	14	0	6	12	12.17	2.29	9.07
1114	1	15	1	18	20	14.72	3.54	10.91
1114	1	16	0	12	8	18.05	6.66	15.49
1114	1	17	1	8	10	14.29	7.92	14.59
1114	1	18	0	16	20	12.92	4.51	14.05
1114	2	19	1	18	19	16.54	2.78	16.04
1114	2	20	0	4	1	13.22	3.23	8.18
1114	2	21	0	12	12	9.05	0.99	7.63
1114	2	22	1	14	15	10.77	7.17	10.04
1114	2	23	1	6	7	14.47	6.51	11.81
1114	2	24	0	18	20	15.96	8.55	15.05
1114	2	25	0	8	9	4.69	4.23	5.93
1114	2	26	1	20	21	20.13	15.25	19.12
1114	2	27	0	14	18	11.09	0.65	9.37
1114	2	28	1	16	19	9.17	9.74	9.96
1114	2	29	0	10	13	16.81	5.87	13.66
1114	2	30	1	8	11	4.94	-0.36	4.35
1114	2	31	1	12	12	14.32	5.69	11.06
1114	2	32	0	6	6	13.55	6.13	15.26
1114	2	33	0	20	25	12.23	0.84	11.64
1114	2	34	1	4	8	19.04	5.48	21
1114	2	35	1	10	10	11.16	8.08	11.2
1114	2	36	0	16	22	10.9	-3.62	10.87
1114	3	38	1	18	21	12.03	9.04	11.95
1114	3	39	0	10	14	18.27	1.88	16.57
1114	3	40	1	4	5	20.78	5.82	19.34
1114	3	41	1	20	20	22.85	11.32	17.64
1114	3	42	0	14	14	14.18	14.76	14.3
1114	3	43	1	6	13	19.27	6.27	19.31
1114	3	44	0	4	6	10.01	12.18	10.57
1114	3	45	1	16	22	17.02	3.05	15.04
1114	3	46	0	18	21	5.67	-4.01	5
1114	3	47	0	6	6	12.51	8.4	15.2
1114	3	48	1	8	10	12.25	7.4	14.85
1114	3	49	0	20	23	19.95	4.69	18.58
1114	3	50	1	12	13	20.64	12.99	17.81
1114	3	51	0	8	10	17.04	10.18	20.19
1114	3	52	1	14	16	14.23	3.17	8.2
1114	3	53	1	10	11	15.37	3.12	18.16
1114	3	54	0	12	13	13.05	8.77	10
1116	1	1	1	10	12	20.1	-1.84	17.65
1116	1	2	0	14	16	15.64	1.86	15.03
1116	1	3	0	6	8	10.14	-1.37	9.51
1116	1	4	1	18	18	21.25	0.73	18.93
1116	1	5	0	12	14	17.43	1.74	16.15
1116	1	6	1	8	10	15	3.72	13.98
1116	1	7	1	20	22	16.16	4.5	15.46
1116	1	8	0	16	18	16.68	4.42	15.28
1116	1	9	1	4	5	12.75	3.57	11.99
1116	1	10	0	10	12	11.36	7.83	11.02
1116	1	11	1	14	16	14.84	11.15	14.84
1116	1	12	0	20	22	17.13	14.08	15.6
1116	1	13	0	4	4	11.73	4.26	11.21
1116	1	14	1	6	7	20.12	13.26	19.09
1116	1	15	0	18	20	11.31	7.62	11.1
1116	1	16	1	12	14	14.78	7.42	14.21
1116	1	17	1	16	18	14.05	8.33	13.29
1116	1	18	0	8	10	13.45	8.82	13.24
1116	2	19	0	18	20	13.83	2.47	12.59
1116	2	20	1	4	5	6.93	2.36	7.35
1116	2	21	0	14	16	7.04	3.12	7.15
1116	2	22	1	12	14	24.34	12.06	22.33
1116	2	23	0	6	8	10.91	6.28	11.06
1116	2	24	1	18	20	11.68	5.13	11.69
1116	2	25	0	20	22	14.37	10.89	13.41
1116	2	26	0	16	18	17.59	8.32	16.25
1116	2	27	1	8	10	10.61	3.34	10.3
1116	2	28	1	14	15	12.55	-2.84	12.16
1116	2	29	0	8	10	12.21	-0.19	11.09
1116	2	31	0	12	15	9.19	9.62	9.61
1116	2	32	1	6	8	18.17	4.84	16.36
1116	2	34	0	4	4	8.32	-1.9	8
1116	2	35	1	16	18	12.03	9.51	11.34
1116	2	36	0	10	12	7.02	-4.65	6.91
1116	3	37	1	16	18	16.3	4.44	15.93
1116	3	39	1	10	12	18.41	10.18	17.88
1116	3	40	0	4	4	16.83	3.61	15.87
1116	3	41	1	14	16	15.37	-0.63	14.66
1116	3	42	0	20	22	20.08	4.98	18.86
1116	3	44	0	6	8	8.23	6.69	8.84
1116	3	46	1	18	20	19.6	10.8	18.6
1116	3	47	0	8	10	24.73	14.31	22.44
1116	3	49	0	12	14	20.21	8.46	18.45
1116	3	50	0	14	16	11.82	9.41	11.59
1116	3	51	1	20	22	15.82	10.18	15.09
1116	3	52	0	10	13	17.8	10.66	16.86
1116	3	53	1	8	11	9.22	7.16	9.14
1116	3	54	1	12	14	13.08	4.11	12.73
1117	1	1	0	16	10	19.14	3.83	15.82
1117	1	2	1	6	6	13.2	-1.1	10.75
1117	1	3	1	14	14	15.74	4.21	13.92
1117	1	4	0	4	5	16.83	10.65	15.42
1117	1	5	0	10	10	13.86	4.04	12.9
1117	1	6	1	20	22	18.54	8.56	16.99
1117	1	7	0	18	18	18.68	2.01	14.29
1117	1	8	1	8	10	18.69	-0.85	12.59
1117	1	9	0	6	8	13.34	2.18	10.98
1117	1	10	1	12	12	9.95	-1.42	9.98
1117	1	11	1	18	20	13.09	2.76	12.95
1117	1	12	0	14	15	14.67	7.96	13.45
1117	1	13	1	10	12	13.38	4.96	11.26
1117	1	14	0	8	8	14.61	1.14	12.03
1117	1	15	1	16	18	21.41	6.8	17.05
1117	1	16	0	20	25	17.06	7.05	14.01
1117	1	17	1	4	4	8.23	5.98	9.31
1117	1	18	0	12	12	15.94	4.16	15.28
1117	2	19	1	18	18	16.51	12.18	14.46
1117	2	20	0	20	15	13.24	4.26	11.39
1117	2	21	0	4	4	10.68	5.86	9.81
1117	2	22	1	8	10	16.36	12.2	15.92
1117	2	23	1	14	15	8.36	7.07	9.16
1117	2	24	0	16	16	10.09	6.06	11.52
1117	2	25	0	8	7	17.05	-2.72	9.59
1117	2	26	1	10	10	15.74	1.01	13.51
1117	2	27	0	12	12	10.99	4.7	9.26
1117	2	28	1	20	20	16.56	9.1	14.96
1117	2	29	0	18	17	13.79	-0.74	11.61
1117	2	30	1	16	15	6.28	-4.96	6.13
1117	2	31	1	6	8	11.15	6.6	9.67
1117	2	32	0	10	10	10.97	2.35	9.8
1117	2	33	0	14	14	11.61	8.05	12.92
1117	2	34	1	12	14	12.64	2.82	9.28
1117	2	35	1	4	5	14.44	6.22	13.28
1117	2	36	0	6	8	21.05	3.3	15.03
1117	3	37	0	16	12	5.62	9.4	5.41
1117	3	38	1	8	10	7.85	5.95	7.28
1117	3	39	0	6	8	9.66	8.63	7.99
1117	3	40	1	18	17	7.96	11.96	7.7
1117	3	41	1	10	12	8.33	5.85	8.93
1117	3	42	0	20	18	11.06	9.12	9.25
1117	3	43	1	16	18	10.83	6.5	9.36
1117	3	44	0	8	8	9.51	5.34	9.93
1117	3	45	1	12	14	17.43	11.12	15.14
1117	3	46	0	14	14	19.65	9.29	17.84
1117	3	47	0	18	14	17.63	10.85	18.35
1117	3	48	1	6	7	10.48	12.22	11.19
1117	3	49	0	4	6	17.65	-1.45	12.08
1117	3	50	1	20	18	21.89	-0.63	14.64
1117	3	51	0	10	12	15.15	5.54	16.6
1117	3	52	1	14	15	9.46	-8.37	10.41
1117	3	53	1	4	6	16.74	7.01	14.79
1117	3	54	0	12	12	13.61	9.98	13.63
1118	1	1	1	14	5	8.89	7.1	4.24
1118	1	2	0	10	5	8.63	9.11	5.48
1118	1	3	1	6	3	9.81	7.38	4.06
1118	1	4	0	18	7	9.66	12.79	4.68
1118	1	5	0	8	5	12.44	7.23	5.87
1118	1	6	1	12	6	2.14	6.34	2.67
1118	1	7	0	20	6	13.08	6.45	5.19
1118	1	8	0	4	2	9.31	-1.72	2.98
1118	1	9	1	16	7	3.28	6.77	3.47
1118	1	10	1	10	5	2.24	13.29	4.25
1118	1	11	0	14	5	7.37	14.33	5.51
1118	1	12	1	20	6	10.28	4.78	5.07
1118	1	13	0	6	2	9.62	-2.39	2.34
1118	1	14	0	12	5	9.83	5.89	5.77
1118	1	15	1	4	0	1.17	9.98	6.37
1118	1	16	0	16	5	3.65	9.09	4.28
1118	1	17	1	18	6	8.91	8.05	5.94
1118	1	18	1	8	3	1.02	9.58	3.46
1118	2	19	0	4	0	1.64	7.24	2.93
1118	2	20	1	18	5	4.27	8.59	3.57
1118	2	22	1	14	5	9.73	3.04	4.29
1118	2	23	1	6	4	8.86	4.79	4.35
1118	2	24	0	18	8	14.26	5.15	5.65
1118	2	25	0	8	6	2.73	6.21	3.88
1118	2	26	1	20	3	11.08	4.03	4.01
1118	2	27	1	16	4	10.32	5.71	6.09
1118	2	28	0	14	4	13.58	-1.82	5.79
1118	2	29	0	10	5	9.66	10.95	6.09
1118	2	30	1	8	2	7.83	4.29	4.93
1118	2	31	0	6	1	11.35	2.14	4.92
1118	2	32	1	12	5	4.17	-0.82	1.67
1118	2	33	1	4	0	12.27	1.62	4.95
1118	2	34	0	20	10	13.35	-2.52	2.5
1118	2	35	1	10	2	10.23	3.32	3.54
1118	2	36	0	16	5	12.88	6.43	7.12
1118	3	37	1	18	5	7.46	4.57	3.77
1118	3	38	0	16	5	7.14	7.33	4.63
1118	3	39	1	4	0	7.06	13.25	5.53
1118	3	40	0	10	5	9.52	5.81	4.98
1118	3	41	0	14	5	7.55	7.23	5.62
1118	3	42	1	20	5	12.83	-0.84	4.95
1118	3	43	1	6	3	7.02	7.1	3.79
1118	3	44	0	4	2	7.22	5.9	3.69
1118	3	45	1	16	5	3.82	9.48	4.79
1118	3	46	0	18	7	7.73	2.19	1.38
1118	3	47	1	8	3	3.92	3.13	1.93
1118	3	48	0	6	3	12.11	2.62	6.17
1118	3	49	0	20	6	12.22	3.74	4.38
1118	3	50	1	12	3	23.54	-0.21	7.72
1118	3	51	0	8	4	17.1	-5.95	2.91
1118	3	52	1	14	5	-5.33	16.91	5.25
1118	3	53	0	12	5	2.43	6.63	2.8
1118	3	54	1	10	3	12.12	3.11	6.09
1119	1	1	1	16	13	12.63	6.45	17.6
1119	1	2	0	6	10	8.35	0.03	12.39
1119	1	3	0	14	13	13.77	8.6	14.68
1119	1	4	1	4	10	20.25	14.82	20.36
1119	1	5	0	20	25	18.95	4.56	22.4
1119	1	7	1	18	20	13.39	1.79	16.12
1119	1	8	0	8	13	14.94	2.11	20.92
1119	1	9	1	6	4	18.07	3.79	20.78
1119	1	10	0	12	22	14.2	5.12	13.8
1119	1	11	1	14	20	10.35	5.95	12.71
1119	1	12	0	18	23	18.45	9.89	19.83
1119	1	13	0	10	13	10.56	1.24	12.82
1119	1	14	1	8	8	10.26	7.32	11.77
1119	1	15	0	16	24	13.02	2.84	17.75
1119	1	16	1	20	25	17.41	6.73	18.61
1119	1	17	1	12	13	16.2	8.02	18.43
1119	1	18	0	4	8	14.13	6.25	15.74
1119	2	19	0	18	25	17.89	5.13	17.11
1119	2	20	1	20	22	19.97	10.64	21.59
1119	2	21	0	8	13	14.47	13.35	14.63
1119	2	22	1	4	5	13.56	8.63	12.65
1119	2	23	0	14	20	19.05	8.47	16.5
1119	2	24	1	16	10	10.36	5.91	10.3
1119	2	25	0	10	13	10.9	4.23	11.76
1119	2	26	0	20	25	25.3	7.98	26.28
1119	2	27	1	8	10	3.63	2.83	5.22
1119	2	28	1	12	14	7.77	4.76	11.27
1119	2	29	0	16	24	16.53	8.7	19.2
1119	2	30	1	18	19	13.69	15.69	8.29
1119	2	31	0	6	8	12.92	5.09	11.02
1119	2	32	1	10	10	16.66	2.79	16.07
1119	2	33	1	14	16	12.89	9.11	12.46
1119	2	34	0	12	24	12.19	7.13	12.96
1119	2	35	1	6	13	20.62	11.31	19.95
1119	2	36	0	4	4	17.78	4.44	18.12
1119	3	37	1	16	20	15.29	-8.18	21.44
1119	3	38	0	8	10	17.66	5.69	17
1119	3	39	1	6	8	7.08	6.2	7.38
1119	3	40	0	18	25	8.86	4.16	10.33
1119	3	41	1	20	25	19.33	4.5	21.27
1119	3	42	0	10	13	7.75	-1.53	13.65
1119	3	43	1	8	13	15.69	4.59	19.31
1119	3	44	0	16	25	18.24	5.7	18.28
1119	3	45	0	12	13	16.89	11.9	15.22
1119	3	46	1	14	16	13.82	5.11	16.49
1119	3	47	0	6	13	15.48	6.76	17.76
1119	3	48	1	18	13	20.19	4.58	19.32
1119	3	49	0	20	25	18.76	5.36	21.16
1119	3	50	0	14	18	19.52	3.85	20.83
1119	3	51	1	4	4	17.41	9.75	20.15
1119	3	52	0	4	9	8.33	1.15	8.79
1119	3	53	1	10	13	19.91	8.7	17.5
1119	3	54	1	12	17	6.39	3.68	10.53
1120	1	1	0	14	20	14.31	6.57	15.63
1120	1	2	1	10	15	12.23	3.59	11.54
1120	1	3	1	18	23	10.07	7.73	13.21
1120	1	4	0	6	9	15.38	1.76	16.41
1120	1	5	0	12	15	15.45	7.97	15.64
1120	1	6	1	8	13	14.32	5.98	16.15
1120	1	7	0	16	20	18.27	8.09	16.82
1120	1	8	1	20	25	17.55	2.81	17.21
1120	1	9	0	10	12	11.91	6.72	12.25
1120	1	10	1	4	5	12.77	4.22	13.86
1120	1	11	1	14	20	16.13	10.5	15.87
1120	1	12	0	20	25	9.21	-2.95	9.89
1120	1	13	1	6	8	9.43	8.35	8.9
1120	1	14	0	4	7	16.77	11.04	16.34
1120	1	15	1	12	15	14.8	11.37	16.2
1120	1	16	0	18	20	17.74	11.91	17.79
1120	1	17	1	16	18	12.19	5.84	12.43
1120	1	18	0	8	18	19.01	8.71	18.5
1120	2	19	1	4	5	20.52	8.95	19.79
1120	2	20	0	18	23	9.17	6.26	10.88
1120	2	21	0	14	18	16.66	10.03	17.58
1120	2	22	1	12	15	14.56	7.33	16.56
1120	2	23	1	18	22	15.6	0.92	16.96
1120	2	24	0	6	10	12.51	4.81	8.65
1120	2	25	0	20	25	16.01	7.76	17.38
1120	2	26	1	8	10	18.05	8.73	15.36
1120	2	27	0	16	19	14.24	-3.56	14.96
1120	2	28	1	14	15	17.04	15.41	15.49
1120	2	29	0	8	15	13.99	7.32	14.55
1120	2	30	1	10	13	10.56	7.64	12.31
1120	2	31	1	6	10	16.5	7.29	18.82
1120	2	32	0	12	15	22.51	4.77	22.01
1120	2	33	0	4	9	19.8	8.01	18.94
1120	2	34	1	20	17	15.1	6.33	15.73
1120	2	35	1	16	20	18.18	11.33	21.04
1120	2	36	0	10	13	5.27	-3.39	7.42
1120	3	37	0	18	21	14.72	6.25	15.98
1120	3	38	1	16	21	-10.38	17.59	-6.6
1120	3	39	0	4	7	20.19	10.27	18.78
1120	3	40	1	10	13	8.19	6.76	10.95
1120	3	41	1	14	16	13.3	10.52	13.65
1120	3	42	0	20	25	13.58	9.76	14.99
1120	3	43	1	4	5	8.67	5.8	10.1
1120	3	44	0	6	8	5.99	8.33	8.72
1120	3	45	1	18	20	17.59	12.37	15.36
1120	3	46	0	16	15	12.21	-2.5	14.49
1120	3	47	0	8	11	7.25	0.91	9.49
1120	3	48	1	6	9	2.35	5.41	4.1
1120	3	49	0	12	15	14.92	-2.48	16.52
1120	3	50	1	20	25	19.62	3.36	18.91
1120	3	51	0	14	17	13.75	-6.82	15.58
1120	3	52	1	8	11	0.23	-12.32	2.09
1120	3	54	0	10	13	8.05	0.53	11.92
1122	1	1	1	14	15	17.02	-0.39	16.72
1122	1	2	0	10	14	14.36	7.65	18.75
1122	1	3	0	18	20	8.64	1.88	10.27
1122	1	4	1	6	3	16.49	2.34	16.15
1122	1	5	0	8	12	12.26	7.27	13.39
1122	1	6	1	12	16	11.75	2.69	11.76
1122	1	7	1	16	21	16.19	6.15	16.3
1122	1	8	0	20	25	15.12	3.62	15.1
1122	1	9	1	10	12	17.23	8.36	17.92
1122	1	10	0	4	5	13.43	10.46	12.87
1122	1	11	1	20	21	15.85	16.12	17.77
1122	1	12	0	14	18	17.91	12.64	17.85
1122	1	13	0	6	10	31.99	21.38	31.06
1122	1	14	1	4	1	11.16	4.93	12.94
1122	1	15	0	12	18	10.37	4.26	11.23
1122	1	16	1	18	21	17.13	8.03	14.9
1122	1	17	1	8	10	9.72	6.7	10.64
1122	1	18	0	16	20	11.05	6.54	10.09
1122	2	19	0	4	6	12.32	-0.75	12.51
1122	2	20	1	18	20	16.59	-3.06	15.5
1122	2	21	0	12	16	13.15	0.97	12.2
1122	2	22	1	14	18	19.74	11.58	18.08
1122	2	23	0	18	20	16.59	12.22	16.66
1122	2	24	1	6	8	9.03	-2.73	10.15
1122	2	25	0	8	10	12.63	6.14	13.77
1122	2	26	0	14	17	19.09	6.4	17.27
1122	2	27	1	20	22	19.79	2.09	21.48
1122	2	28	1	16	18	14.72	-1.99	11.86
1122	2	29	0	10	12	16.99	-1.8	16.07
1122	2	30	1	8	12	12.34	0.34	10.99
1122	2	31	0	6	8	7.34	5.35	7.99
1122	2	32	1	12	15	6.09	4.65	8.13
1122	2	33	1	4	2	18.41	6.59	14.89
1122	2	34	0	20	23	18.05	3.25	16.83
1122	2	35	1	10	13	8.07	6.08	9.36
1122	2	36	0	16	20	3.87	-7.03	1.51
1122	3	37	1	18	21	15.37	-0.92	14.7
1122	3	38	0	16	18	15.73	4.16	14.91
1122	3	39	1	4	6	12.41	-1.99	11.01
1122	3	40	0	10	13	14.84	5.14	14.29
1122	3	41	1	20	23	11.6	-2.25	10.24
1122	3	42	0	14	17	14.23	10.36	16.99
1122	3	43	1	6	10	14.76	10.07	14.01
1122	3	44	0	4	8	18.93	-3.68	19.4
1122	3	45	0	18	20	2.97	-7.21	4.39
1122	3	46	1	16	20	7.57	3.74	6.86
1122	3	47	0	6	7	20.57	12.4	20.52
1122	3	48	1	8	13	3.99	-0.28	6.02
1122	3	49	0	20	23	12.99	2.47	11.6
1122	3	50	0	8	12	11.6	10.41	11.39
1122	3	51	1	12	14	8.93	13.45	7.86
1122	3	52	0	12	12	13.63	12.4	13.78
1122	3	53	1	14	16	11.07	-3.16	11.82
1122	3	54	1	10	12	9.6	15.25	10.03
1123	1	1	0	6	5	14.21	7.26	12.16
1123	1	2	1	16	15	17.56	7.96	13.09
1123	1	3	1	4	6	14.28	8.12	13.26
1123	1	4	0	14	10	12.93	5.66	13.38
1123	1	5	0	20	10	13.74	6.39	10.62
1123	1	6	1	10	13	13.78	5.43	11.43
1123	1	7	0	8	10	12.17	5.94	12.38
1123	1	8	1	18	15	15.83	5.14	13.28
1123	1	9	0	12	10	14.76	6.1	11.99
1123	1	10	1	6	7	13.22	2.74	10.19
1123	1	11	1	14	14	18.1	5.68	14.47
1123	1	12	0	18	15	19.16	6.94	12.17
1123	1	13	1	8	10	16.3	10.76	13.29
1123	1	14	0	10	10	14.58	0.96	10.74
1123	1	15	1	20	14	12.29	8.35	12.06
1123	1	16	0	16	14	13.73	9.03	12.72
1123	1	17	1	12	12	10.23	12.3	11.8
1123	1	18	0	4	5	16.96	4.35	10.17
1123	2	19	1	20	15	14.7	9.65	11.6
1123	2	20	0	18	10	12.83	13.99	10.22
1123	2	21	0	8	10	16.1	-1.78	7.49
1123	2	22	1	4	5	7.56	13.16	10.18
1123	2	23	1	16	15	8.54	5.85	10.02
1123	2	24	0	14	15	6.39	0.32	8.4
1123	2	25	0	10	10	11.15	0.73	8.56
1123	2	26	1	8	10	10.06	7.36	9.52
1123	2	27	0	20	15	19.4	13.01	14.71
1123	2	28	1	12	12	12.96	10.52	11.21
1123	2	29	0	16	10	11.94	-2.49	7.8
1123	2	30	1	18	15	18.98	3.17	10.29
1123	2	31	1	10	10	11.19	4.83	9.34
1123	2	32	0	6	7	8.81	-1.6	7.94
1123	2	33	0	12	10	13.76	3.54	10.44
1123	2	34	1	14	10	10.3	10.69	11.42
1123	2	35	1	6	8	10.46	9.11	10.71
1123	2	36	0	4	5	12.27	9.63	10.52
1123	3	37	0	8	10	11.19	-7.22	6.37
1123	3	38	1	16	15	11.13	5.84	10.37
1123	3	39	0	18	10	16.13	9.16	13.46
1123	3	40	1	6	7	10.51	2.5	7.02
1123	3	41	1	20	15	13.21	3.72	8.74
1123	3	42	0	10	10	15.83	5.82	12.56
1123	3	43	1	8	8	8.41	1.71	7.71
1123	3	44	0	16	10	12.95	3.88	11.45
1123	3	45	1	14	14	8.12	9.25	11.69
1123	3	46	0	12	10	12.12	6.29	10.42
1123	3	47	0	6	8	18.98	0.22	12.13
1123	3	48	1	18	15	18.71	2.19	10.59
1123	3	49	0	20	10	18.04	5.05	12.45
1123	3	50	1	4	5	15.2	5.33	12.81
1123	3	51	0	14	10	16	0.22	10.92
1123	3	52	1	10	10	11.23	7.76	10.81
1123	3	53	1	12	12	13.28	7.31	10.99
1123	3	54	0	4	5	9.2	9.56	9.69
1124	1	1	1	10	12	20.04	10.07	17.57
1124	1	2	0	14	16	15.64	6.14	14.58
1124	1	3	1	18	20	15.44	2.03	14.89
1124	1	4	0	6	10	10.07	3.28	10.84
1124	1	5	0	12	15	7.69	-1.66	10.18
1124	1	6	1	8	10	12.05	3.16	11.93
1124	1	7	0	16	19	12.87	8.9	12.98
1124	1	8	0	10	13	14.92	11.66	14.67
1124	1	9	1	20	20	12.94	7.17	13.01
1124	1	10	1	4	7	13.57	7.22	13.94
1124	1	11	0	20	22	12.98	1.91	12.83
1124	1	12	1	14	16	12.95	1.64	14.6
1124	1	13	0	4	7	18.36	9.89	16.64
1124	1	14	0	18	20	18.18	11	17.09
1124	1	15	1	6	10	17.19	10.37	14.81
1124	1	16	0	8	11	13.21	9.91	13.42
1124	1	17	1	12	15	11.52	12.83	12.53
1124	1	18	1	16	20	18.81	6.49	17.3
1124	2	19	0	18	20	18.78	2.49	17.02
1124	2	20	1	4	7	19.31	18.98	16.86
1124	2	21	0	14	18	13.04	0.95	12.29
1124	2	22	1	12	15	11.1	2.29	11.94
1124	2	23	1	18	20	14.27	4.09	14.11
1124	2	24	0	6	10	14.45	-9.98	14.93
1124	2	25	0	20	23	14.72	9.84	15.76
1124	2	26	1	8	10	15.69	5.71	15.15
1124	2	27	1	14	15	7.13	2.33	7.42
1124	2	28	0	16	20	12.03	-0.6	12.46
1124	2	29	0	8	11	15.02	10.79	16.14
1124	2	30	1	10	13	27.34	6.98	23.69
1124	2	31	0	12	15	15.24	4	14.21
1124	2	32	1	6	8	6.53	3.53	8.29
1124	2	33	1	20	22	8.64	2.44	8.55
1124	2	34	0	4	7	11.34	1.52	11.85
1124	2	35	1	16	19	11.52	4.29	13.51
1124	2	36	0	10	13	21.21	13.04	21.44
1124	3	37	1	16	18	14.3	5.52	14.26
1124	3	38	0	18	20	14.59	5.36	13.78
1124	3	39	1	10	10	20.11	8.14	18.43
1124	3	40	0	4	7	19.02	1.4	18.31
1124	3	41	0	20	22	11.18	8.85	11.06
1124	3	42	1	14	10	13.62	-6.01	15.71
1124	3	43	1	4	5	14.22	6.32	13.1
1124	3	44	0	6	9	14.67	5.87	15.42
1124	3	45	1	18	16	7.28	-1.06	7.99
1124	3	46	0	16	18	21.9	9.72	19.62
1124	3	47	1	6	8	9.82	-2.03	11.47
1124	3	48	0	8	10	20.28	11.01	20.62
1124	3	49	0	12	15	6.87	8.28	7.6
1124	3	50	1	20	20	3.66	-0.14	5.85
1124	3	52	1	8	10	12.25	-3.44	13.27
1124	3	53	0	10	10	13.89	5.69	13.77
1124	3	54	1	12	13	20.14	5.57	19.48
1125	1	1	1	6	5	11.7	-1.98	7.99
1125	1	2	0	16	12	20.63	5.64	14.51
1125	1	3	0	4	1	17.58	8.71	13.9
1125	1	4	1	14	12	17.51	6.1	13.55
1125	1	5	0	10	9	13.74	0.61	10.87
1125	1	6	1	20	12	24.22	3.13	15.27
1125	1	7	1	8	9	3.25	10.02	5.66
1125	1	8	0	18	13	16.01	9.03	12.31
1125	1	9	1	12	11	10.28	13.02	9.96
1125	1	10	0	6	6	14.34	6.86	11.66
1125	1	11	1	18	13	14.01	6.18	11.19
1125	1	12	0	14	12	20.19	5.7	14.22
1125	1	13	0	8	8	16.03	8.66	13.37
1125	1	14	1	10	9	9.44	4.45	7.2
1125	1	15	0	20	15	12.56	3.8	9.48
1125	1	16	1	16	11	10.3	11.55	9.33
1125	1	17	1	4	6	7.86	2.02	7.02
1125	1	18	0	12	13	15.97	0.95	11.2
1125	2	19	0	20	13	11.27	16.91	12.76
1125	2	20	1	18	14	9.6	11.48	10.26
1125	2	21	0	4	4	6.8	2.79	7.2
1125	2	22	1	8	7	8.53	2.84	8.35
1125	2	23	0	16	13	15.97	0.98	11.92
1125	2	24	1	14	11	13.39	4.35	11.26
1125	2	25	0	8	8	8.93	-3.13	7.17
1125	2	26	0	12	10	9.11	4.64	8.21
1125	2	27	1	10	8	16.02	9.1	13.37
1125	2	28	1	20	14	9.09	4.67	7.94
1125	2	29	0	18	15	16.55	0.83	12.82
1125	2	30	1	16	14	8.85	-0.54	6.69
1125	2	31	0	10	10	10.88	9.77	10.41
1125	2	32	1	6	5	8.52	12.39	8.39
1125	2	33	1	12	10	7.8	6.85	8.21
1125	2	34	0	14	14	10.52	0.52	7.83
1125	2	35	1	4	5	14.78	4.76	11.77
1125	2	36	0	6	7	13.97	6.91	11.09
1125	3	37	1	8	8	14.26	4.74	11.14
1125	3	38	0	16	14	6.66	1.81	7.71
1125	3	39	1	18	14	9.57	1.58	8.65
1125	3	40	0	6	7	6.94	6.13	8.01
1125	3	41	1	10	10	10.68	4.02	8.21
1125	3	42	0	20	16	16.32	3.44	10.4
1125	3	43	1	16	14	13.24	3.93	10.83
1125	3	44	0	8	9	10.03	4.68	9.12
1125	3	45	0	14	14	10.85	6.33	8.76
1125	3	46	1	12	12	12.92	8.1	11.07
1125	3	47	0	18	14	11.8	10.62	9.87
1125	3	48	1	6	6	9.81	2.83	9.8
1125	3	49	0	4	6	10.16	4.54	8.45
1125	3	50	0	10	9	9.22	-0.47	7.84
1125	3	51	1	20	15	13.74	4.18	9.68
1125	3	52	0	12	13	16.74	9.09	13.04
1125	3	53	1	14	13	10.93	7.75	8.8
1125	3	54	1	4	3	9.88	13.33	10.11
1126	1	1	0	10	10	14.62	-1.29	14.74
1126	1	2	1	14	14	14.12	7.56	13.08
1126	1	3	1	6	6	12.81	10.46	12.03
1126	1	4	0	18	20	14.11	11.71	13.38
1126	1	5	0	8	10	10.8	6.44	10.69
1126	1	6	1	12	12	18.1	17.1	17.29
1126	1	7	0	20	22	11.03	11.04	9.48
1126	1	8	1	16	16	8.53	6.17	8.66
1126	1	9	0	4	5	11.6	1.68	11.76
1126	1	10	1	10	10	12.55	5.35	13.05
1126	1	11	1	20	13	8.08	7.89	8.24
1126	1	12	0	14	15	12.72	1.02	14.16
1126	1	13	1	4	4	8.78	8.86	7.57
1126	1	14	0	6	8	5.97	7.63	6.32
1126	1	15	1	18	18	20.31	11.31	17.13
1126	1	16	0	12	15	4.82	9.56	4.34
1126	1	17	1	8	8	17.71	7.5	16.97
1126	1	18	0	16	20	12.58	-1.34	12.26
1126	2	19	1	18	18	1.4	2.62	3.53
1126	2	20	0	4	5	12.56	4.91	11.71
1126	2	21	0	12	15	18.29	7.74	17.82
1126	2	22	1	14	14	10.21	-2.4	10.21
1126	2	23	1	6	6	7.14	17.96	8.33
1126	2	24	0	18	20	20.56	6.46	16.63
1126	2	25	0	8	10	18.16	6.07	15.1
1126	2	26	1	20	20	18.39	11.64	16.07
1126	2	27	0	14	15	26.23	11.27	23.02
1126	2	28	1	16	16	11.98	16.61	11.9
1126	2	29	0	10	12	16.24	21.09	16.35
1126	2	30	1	8	8	12.05	20.8	12.22
1126	2	31	1	12	12	8.11	4.99	5.78
1126	2	32	0	6	8	14.4	17.1	13.46
1126	2	33	0	20	25	21.42	9.76	19.16
1126	2	34	1	4	4	11.6	11.06	11.06
1126	2	35	1	10	10	11.18	14.03	11.8
1126	2	36	0	16	18	9	-0.03	10.2
1126	3	37	0	16	20	16.54	0.79	15.24
1126	3	38	1	18	18	19.89	4.35	18
1126	3	39	0	10	12	15.17	6.89	13.9
1126	3	40	1	4	4	12.94	-1.91	12.24
1126	3	41	1	20	20	12.64	1.98	12.67
1126	3	42	0	14	15	11.86	-6.18	13.24
1126	3	43	1	6	6	14.7	3.23	13.19
1126	3	44	0	4	5	12.52	10.48	11.57
1126	3	45	1	16	16	2.1	1.4	3.98
1126	3	46	0	18	20	19.4	1.91	18.15
1126	3	47	0	6	10	7.59	0.39	6.95
1126	3	48	1	8	8	4.81	13.89	3.16
1126	3	49	0	20	25	15.84	0.8	14.44
1126	3	50	1	12	12	14.5	1.12	13.76
1126	3	51	0	8	10	7.01	0.16	7.28
1126	3	52	1	14	14	9.92	8.57	8.41
1126	3	53	1	10	10	15.69	-0.46	13.67
1126	3	54	0	12	14	15.54	2.21	14.24
1127	1	1	1	16	13	15.14	7.43	13.21
1127	1	2	0	6	6	9.37	9	9.31
1127	1	3	1	4	4	11.5	3.33	9.22
1127	1	4	0	14	10	11.47	6.54	9.32
1127	1	5	0	20	13	14.59	8.03	12.35
1127	1	6	1	10	11	16.63	10	15.07
1127	1	7	0	8	8	14.64	-0.65	10.04
1127	1	8	0	12	10	12.36	7.11	10.04
1127	1	9	1	18	13	11.83	11.42	11.78
1127	1	10	1	6	6	14.39	7.3	11.53
1127	1	11	0	18	16	16.7	9.65	15.81
1127	1	12	1	14	13	9.32	10.19	9.06
1127	1	13	0	10	10	12.26	5.16	10.32
1127	1	14	0	16	13	19.54	1.19	13.73
1127	1	15	1	8	8	11.85	5.94	9.28
1127	1	16	0	4	2	13.68	3.03	10.03
1127	1	17	1	20	16	21.82	6.62	15.8
1127	1	18	1	12	12	14.27	6.47	12.88
1127	2	19	0	18	16	16.92	9.74	17.69
1127	2	20	1	20	18	16.79	8.24	11.66
1127	2	21	0	8	6	10.58	6.48	8.53
1127	2	22	1	4	3	7.99	5.25	5.75
1127	2	23	1	16	14	10.01	3.49	7.55
1127	2	24	0	14	14	12.09	-3.86	6.52
1127	2	25	0	10	9	13.56	2.96	11.02
1127	2	26	1	8	8	9.13	2.75	7.3
1127	2	27	1	12	12	15.43	8.26	12.27
1127	2	28	0	20	18	14.7	5.07	10.04
1127	2	29	0	16	14	8.9	0.46	6.65
1127	2	30	1	18	17	17.49	2.02	12.18
1127	2	31	0	6	4	7.54	1.6	5.06
1127	2	32	1	10	10	12.49	4.97	7.99
1127	2	33	1	14	10	10.41	4.26	7.06
1127	2	34	0	12	7	14.73	1.48	10.64
1127	2	35	1	6	5	9.13	3.47	8.33
1127	2	36	0	4	3	11.21	8.21	9.28
1127	3	37	1	16	16	8.07	11.97	11.06
1127	3	38	0	8	4	11.75	7.81	9.73
1127	3	39	1	6	4	5.95	6.18	5.77
1127	3	40	0	18	15	15.14	6.49	12.8
1127	3	41	0	10	10	8.98	0.36	5.49
1127	3	42	1	20	18	10.69	11.58	10.76
1127	3	43	1	8	6	13.75	-2.82	8.04
1127	3	44	0	16	13	12.67	7.53	11.31
1127	3	45	1	14	12	13.21	5.32	11.12
1127	3	47	1	18	15	12.54	11.43	11.74
1127	3	48	0	6	3	14.95	16.38	15.61
1127	3	49	0	20	19	12.2	9.27	9.28
1127	3	50	1	4	2	8.84	2.41	4.38
1127	3	51	0	14	10	8.41	14.33	11.6
1127	3	52	1	10	9	7.8	7.52	7.32
1127	3	53	0	4	3	8.83	13.64	10.79
1127	3	54	1	12	8	10.65	12.39	11.77
1128	1	1	1	10	20	20	10.53	19.56
1128	1	2	0	14	20	22.22	2.14	22.54
1128	1	3	0	6	12	15.73	8.66	16.47
1128	1	4	1	18	22	23.15	4.88	22.41
1128	1	5	0	12	16	4.61	-12.78	7.86
1128	1	6	1	8	13	16.14	-3.83	17.51
1128	1	7	1	20	25	14.21	5.52	15.8
1128	1	8	0	16	24	24.28	-0.33	24.3
1128	1	9	1	4	8	16.24	12.27	17.16
1128	1	10	0	10	14	14.34	4.5	16.4
1128	1	12	0	20	25	12.99	0.39	16.33
1128	1	13	0	4	9	8.76	1.4	11.31
1128	1	14	1	6	11	9.54	-1.42	12.88
1128	1	15	0	18	23	15.61	5.47	17.56
1128	1	16	1	12	18	16.63	5.49	18.78
1128	1	17	1	16	22	7.63	2.43	11.21
1128	1	18	0	8	14	2.1	-13.6	7.84
1128	2	19	0	18	23	16.98	7.19	19.31
1128	2	20	1	4	6	9.88	1.81	12.85
1128	2	21	0	14	18	15.75	9.65	17.63
1128	2	22	1	12	15	11.97	5.03	15.24
1128	2	23	0	6	12	16.12	8.08	16.62
1128	2	24	1	18	23	21.19	6.56	21.43
1128	2	25	0	20	25	12.88	11.02	13.28
1128	2	26	0	16	20	12.84	10.91	14.38
1128	2	27	1	8	12	15	4.87	16.45
1128	2	28	1	14	18	6.66	1.28	9.37
1128	2	29	0	8	14	13	3.75	14.38
1128	2	30	1	10	14	8.36	10.38	9.13
1128	2	31	0	12	17	9.73	3.99	11.41
1128	2	32	1	6	10	10.03	0.65	13.52
1128	2	33	1	20	25	17.39	10.21	16.89
1128	2	35	1	16	20	20.12	16.72	21.59
1128	2	36	0	10	15	19.96	10.71	21.91
1128	3	37	1	16	20	22.75	8.98	23.73
1128	3	39	1	10	15	14.05	4.07	15.2
1128	3	40	0	4	8	18.32	13.22	20.09
1128	3	41	1	14	18	14.47	4.78	16.94
1128	3	42	0	20	25	14.66	8.28	17.43
1128	3	43	1	4	7	18.55	8.23	19.22
1128	3	44	0	6	11	16.36	3.87	17.31
1128	3	45	0	16	21	15.46	10.04	16.03
1128	3	46	1	18	22	15.74	9.12	17.47
1128	3	47	0	8	12	7.92	0.48	10.13
1128	3	49	0	12	16	17.68	4.23	18.63
1128	3	50	0	14	19	7.86	-1.11	11.71
1128	3	51	1	20	25	20.57	9.49	20.26
1128	3	52	0	10	15	23.04	8.52	24.88
1128	3	53	1	8	14	10.54	4.5	12.04
1128	3	54	1	12	16	15.92	2.06	17.93
1129	1	1	0	16	10	6.98	1.8	6.72
1129	1	2	1	6	6	4.01	14.27	9.7
1129	1	3	1	14	5	14.88	7	10.05
1129	1	4	0	4	3	17.59	3.77	9.21
1129	1	5	0	10	10	11.27	-0.49	6.5
1129	1	6	1	20	20	16.54	0.02	6.31
1129	1	7	0	18	20	10.22	11.79	11.64
1129	1	8	1	8	8	12.85	7.25	12.45
1129	1	9	0	6	3	11.95	3.16	7.83
1129	1	10	1	12	12	10.68	9.35	6.23
1129	1	11	1	18	10	2.11	10.81	8.34
1129	1	12	0	14	13	2.41	9.93	5.27
1129	1	13	1	10	10	6.69	13.3	10.91
1129	1	14	0	8	8	16.44	7.32	13.45
1129	1	15	1	16	16	5.96	8.02	9.59
1129	1	16	0	20	5	8.98	4.7	13.07
1129	1	17	1	4	4	12.19	3.62	10.5
1129	2	19	1	18	10	11.31	6.17	7.32
1129	2	20	0	20	10	11.15	7.77	10.14
1129	2	21	0	4	0	10.04	16.54	12.85
1129	2	22	1	8	8	11.74	14.95	16.65
1129	2	23	1	14	13	11.4	14.99	13.22
1129	2	24	0	16	13	10.59	-2.5	9.85
1129	2	25	0	8	5	19.21	5.53	5.99
1129	2	26	1	10	10	12.76	9.9	15.05
1129	2	27	0	12	10	11.97	7.25	8.78
1129	2	28	1	20	8	9.84	4.37	6.38
1129	2	29	0	18	10	11.7	8.69	3.32
1129	2	30	1	16	15	17.11	1.92	7.3
1129	2	31	1	6	5	13.14	9.52	10.04
1129	2	32	0	10	10	19.26	12.2	13.39
1129	2	33	0	14	14	14.98	6.53	10.1
1129	2	34	1	12	12	6.23	7.34	7.9
1129	2	35	1	4	4	12.64	15.09	9.53
1129	2	36	0	6	6	10.79	3.25	7.38
1129	3	37	0	16	16	11.04	-2.77	5.82
1129	3	38	1	8	8	12.85	8.07	11.08
1129	3	39	0	6	6	16.06	7.26	14.29
1129	3	40	1	18	18	11.7	7.82	9.25
1129	3	41	1	10	7	16.92	2.9	13.83
1129	3	42	0	20	5	10.3	8.54	7.78
1129	3	43	1	16	8	14.23	4.17	9.85
1129	3	44	0	8	8	13.87	-2.48	9.27
1129	3	45	1	12	10	8.65	1.59	5.22
1129	3	46	0	14	14	16.16	7.58	13.81
1129	3	47	0	18	15	14.69	4.34	10.81
1129	3	48	1	6	6	21.61	-0.14	10.97
1129	3	49	0	4	0	14.7	1.43	9.54
1129	3	50	1	20	20	1.69	17.84	6.57
1129	3	51	0	10	10	18.58	-4.42	9.74
1129	3	52	1	14	13	16.75	-2.64	7.97
1129	3	53	1	4	3	6.08	13.14	8.15
1129	3	54	0	12	10	7.95	12.7	10.71
1130	1	1	1	14	10	17.82	10.88	13.97
1130	1	3	1	6	3	9.35	12.95	12.07
1130	1	4	0	18	11	11.95	-0.44	8.36
1130	1	5	0	8	8	12.55	4.74	9.07
1130	1	6	1	12	12	17.35	5.73	11.99
1130	1	7	0	20	11	10.97	5.07	8.98
1130	1	8	0	4	3	16.62	1.94	9.74
1130	1	9	1	16	12	4.78	5.53	5.33
1130	1	10	1	10	9	13.53	10.77	13.14
1130	1	11	0	14	11	22.68	6.8	15.97
1130	1	12	1	20	12	11.07	2.27	8.63
1130	1	13	0	6	3	6.36	7.94	6.77
1130	1	14	0	12	10	9.54	-1.03	6.2
1130	1	15	1	4	4	9.71	5.31	7.22
1130	1	16	0	16	12	10.17	8.35	9.02
1130	1	17	1	18	12	14.33	3.62	9.14
1130	1	18	1	8	7	5.91	6.64	5.29
1130	2	19	0	4	3	13.46	1.77	8.36
1130	2	20	1	18	12	8.02	6.56	7.56
1130	2	21	0	12	11	14.64	5.66	11.65
1130	2	22	1	14	9	7.28	3.68	7.02
1130	2	23	1	6	3	7.27	12.76	8.3
1130	2	24	0	18	13	15.11	6.8	9.35
1130	2	25	0	8	6	13.9	5.14	9.13
1130	2	26	1	20	12	13.65	4.56	8.28
1130	2	27	1	16	11	6.95	4.05	6.27
1130	2	28	0	14	11	16.13	2.12	10.61
1130	2	29	0	10	8	8.26	8.76	8.93
1130	2	30	1	8	6	10.1	7.76	9.92
1130	2	31	0	6	5	13.62	3.04	8.8
1130	2	32	1	12	10	9.99	12.89	10.62
1130	2	33	1	4	2	9.01	11.29	8.89
1130	2	35	1	10	9	15.38	10.63	11.61
1130	2	36	0	16	11	3.36	6.82	5.45
1130	3	37	1	18	11	17.46	-6.22	5.96
1130	3	38	0	16	11	11.67	-0.76	6.14
1130	3	39	1	4	3	10.64	-2.02	4.35
1130	3	40	0	10	8	7.86	11.12	9.55
1130	3	41	0	14	10	11.06	3.26	8.64
1130	3	42	1	20	11	11.89	3.96	8.71
1130	3	43	1	6	5	10.14	3.88	7.11
1130	3	44	0	4	3	11.43	5.46	8.35
1130	3	45	1	16	10	6.65	6.75	6.02
1130	3	46	0	18	12	9.96	0.13	7.38
1130	3	47	1	8	6	5.75	12.34	9.47
1130	3	48	0	6	4	12.52	3.22	8.98
1130	3	49	0	20	12	16.12	14.18	13.4
1130	3	50	1	12	10	6.4	8.05	8.19
1130	3	51	0	8	6	6.12	9.76	8.58
1130	3	52	1	14	10	11.94	0.92	8.46
1130	3	53	0	12	9	15.84	6.71	10.68
1130	3	54	1	10	9	6.24	-0.1	6.53
1131	1	2	0	6	5	22.95	10.95	22.93
1131	1	3	0	14	17	20.23	11.35	20.37
1131	1	4	1	4	4	20.73	12.44	21.23
1131	1	6	1	10	12	19.98	10.6	20.16
1131	1	7	1	18	20	16.3	11.72	16.08
1131	1	8	0	8	13	17.17	4.2	16.82
1131	1	9	1	6	4	15.44	11.89	16.29
1131	1	10	0	12	16	16.76	2	15.68
1131	1	11	1	14	18	11.4	5.22	10.07
1131	1	12	0	18	22	17	-0.92	16.4
1131	1	13	0	10	13	6.15	0.84	4.82
1131	1	14	1	8	8	12.1	-2.28	11.91
1131	1	15	0	16	21	6.01	-7.41	5.75
1131	1	16	1	20	25	16.57	9.97	15.24
1131	1	17	1	12	14	7.79	-0.08	6.43
1131	1	18	0	4	4	18.76	0.39	19.12
1131	2	19	0	18	23	15.57	10.69	14.97
1131	2	20	1	20	25	18.05	9.63	18.18
1131	2	21	0	8	8	14.1	8.19	12.79
1131	2	22	1	4	4	20.42	9.94	19.55
1131	2	23	0	14	14	23.92	9.33	24.55
1131	2	24	1	16	20	14.02	7.29	14.05
1131	2	25	0	10	12	10.93	7.4	11.88
1131	2	26	0	20	24	9.95	-1.71	7.94
1131	2	27	1	8	9	1.18	-10.68	-5
1131	2	28	1	12	15	14.31	12.69	15.35
1131	2	29	0	16	20	13.54	5.07	12.41
1131	2	30	1	18	23	16.79	12.09	15.96
1131	2	31	0	6	6	19.2	8.33	18.98
1131	2	32	1	10	12	16.18	7.01	16.57
1131	2	33	1	14	17	23.17	5.9	22.97
1131	2	34	0	12	13	18.28	7.49	18.81
1131	2	35	1	6	7	19.11	14.05	19.51
1131	2	36	0	4	4	17.86	6.5	17.97
1132	1	1	0	14	15	11.88	-0.69	9.71
1132	1	2	1	10	12	14.81	2.71	9.18
1132	1	3	1	18	20	8.67	7.11	4.59
1132	1	4	0	6	3	7.07	-0.39	3.25
1132	1	5	0	12	12	15.63	3.14	10.25
1132	1	6	1	8	8	12.88	5.06	10.9
1132	1	7	0	16	20	19.01	3.42	14.54
1132	1	8	1	20	13	13.18	4.29	8.54
1132	1	9	0	10	10	8.04	15.32	9.07
1132	1	10	1	4	0	3.26	9.76	4.2
1132	1	11	1	14	10	6.82	4.9	8.71
1132	1	12	0	20	22	15.17	1.3	10.35
1132	1	13	1	6	5	4.28	3	4.16
1132	1	14	0	4	1	8.59	2.4	8.11
1132	1	15	1	12	8	11.15	4.02	8.79
1132	1	16	0	18	14	14.4	2.64	9.22
1132	1	17	1	16	10	12.64	3.78	9.92
1132	1	18	0	8	5	12.27	10.54	11.84
1132	2	19	1	4	2	8.36	9.54	3.92
1132	2	20	0	18	12	15.95	4.52	10.48
1132	2	21	0	14	5	12.96	8.07	9.55
1132	2	22	1	12	8	13.25	8.75	10.73
1132	2	23	1	18	8	14.4	9.41	11.87
1132	2	24	0	6	6	7.43	13.36	6.44
1132	2	25	0	20	12	6.42	15.2	7.99
1132	2	26	1	8	5	4.89	11.47	6.54
1132	2	27	0	16	14	16.51	1.25	10.3
1132	2	28	1	14	9	6.07	0.71	1.36
1132	2	30	1	10	7	7.51	11.2	8.2
1132	2	31	1	6	0	17.05	-2.72	9.59
1132	2	32	0	12	8	15.8	0.61	11.4
1132	2	33	0	4	0	16.13	-1.34	14.64
1132	2	34	1	20	12	16.12	3.95	9.51
1132	2	35	1	16	10	12.29	4.15	5.97
1132	2	36	0	10	8	2.08	9.66	5.89
1132	3	37	0	18	16	16.51	-1.34	11.13
1132	3	38	1	16	6	17.9	3.12	10.04
1132	3	39	0	4	1	14.03	5.07	7.75
1132	3	40	1	10	5	15.39	6.45	9.96
1132	3	41	1	14	9	13.56	6.98	7.08
1132	3	42	0	20	12	15.03	0.63	8.6
1132	3	43	1	4	1	10.67	0.92	8.8
1132	3	44	0	6	4	10.37	7.65	6.51
1132	3	45	1	18	11	10.68	12.6	12.08
1132	3	46	0	16	15	15.72	5.93	11.11
1132	3	47	0	8	6	15.13	3.79	13.03
1132	3	48	1	6	2	5.68	3.48	4.49
1132	3	49	0	12	10	12.67	4.36	9.35
1132	3	50	1	20	11	4.41	9.75	6.04
1132	3	51	0	14	10	19.07	-1.24	12.81
1132	3	52	1	8	5	4.57	10.02	4.33
1132	3	53	1	12	7	7.43	8.13	8
1132	3	54	0	10	9	13.19	4.97	9.95
1133	1	1	1	6	6	11.42	6.33	5.16
1133	1	2	0	16	10	8.35	3.87	1.96
1133	1	3	1	14	5	8.59	7.91	5.21
1133	1	4	0	4	2	12.61	-0.23	2.76
1133	1	5	0	10	7	10.06	5	4.59
1133	1	6	1	20	8	1.02	16.62	6.38
1133	1	7	0	18	10	16.68	5.02	10.49
1133	1	8	0	6	3	3	10.68	2.66
1133	1	9	1	8	6	4.45	10.94	5.09
1133	1	10	1	12	5	12	5.74	6.47
1133	1	11	0	14	7	9.18	5.64	3.53
1133	1	12	1	18	8	7.63	4.58	2.31
1133	1	13	0	8	5	12.4	0.65	3.76
1133	1	14	0	20	10	11.26	2.61	5.58
1133	1	15	1	10	2	12.27	1.39	4.38
1133	1	16	0	12	3	11.76	3.66	5.13
1133	1	17	1	16	5	8.26	4.79	5.38
1133	1	18	1	4	1	4.34	9.53	6.44
1133	2	19	0	20	10	3.55	9.78	6.44
1133	2	20	1	18	3	2.6	11.28	5.89
1133	2	21	0	4	1	8.78	7.54	4.74
1133	2	22	1	8	0	5.11	6.33	4.93
1133	2	23	1	14	4	-7.74	15.84	0.32
1133	2	24	0	16	3	-6.14	-2.27	-2.42
1133	2	25	0	8	2	6.72	5.73	3.93
1133	2	26	1	10	3	0.84	12.03	3.44
1133	2	27	1	20	6	5.36	4.68	2.03
1133	2	28	0	12	4	3.9	-0.85	-0.73
1133	2	29	0	18	8	3.86	10.95	5.9
1133	2	30	1	16	7	7.96	8.12	8.33
1133	2	31	0	10	1	5.22	8.91	5.79
1133	2	32	1	6	2	-1.83	10.02	1.05
1133	2	33	1	12	4	-15.6	19.49	0.69
1133	2	34	0	14	7	10.24	5.94	3.97
1133	2	35	1	4	0	2.81	8.33	0.34
1133	2	36	0	6	1	6.79	4.38	4.05
1133	3	37	1	8	3	10.07	7.26	5.28
1133	3	38	0	16	8	13.72	5.14	6.08
1133	3	39	1	18	6	3.34	7.69	3.99
1133	3	40	0	6	3	5.64	4.29	3.36
1133	3	41	0	20	10	15	3.55	7.67
1133	3	42	1	10	3	0.43	6.25	4.13
1133	3	43	1	16	6	-2.51	6.82	1.79
1133	3	44	0	8	3	3.77	8.62	5.76
1133	3	45	1	12	5	1.97	7.1	3.03
1133	3	46	0	14	7	-0.3	8.02	4.61
1133	3	47	1	6	1	6.77	9.7	6.23
1133	3	48	0	18	9	5.52	7.67	5.12
1133	3	49	0	4	1	2.39	11.3	6.08
1133	3	50	1	20	7	11.88	4.1	6.74
1133	3	51	0	10	5	8.14	6.6	6.03
1133	3	52	1	14	5	4.85	8.51	5.08
1133	3	53	0	12	3	10.65	5.05	6.98
1133	3	54	1	4	1	10.63	3.41	5.1
1134	1	1	1	14	14	15.63	7.41	15.28
1134	1	2	0	10	12	14.12	6.91	14.03
1134	1	3	0	18	20	13.83	4.64	13.51
1134	1	4	1	6	6	18.17	8.05	17.27
1134	1	5	0	8	10	9.28	10.34	8.79
1134	1	6	1	12	14	13.51	4.61	13.29
1134	1	7	1	16	19	12.71	9.32	12.33
1134	1	8	0	20	25	18.62	2.72	18.01
1134	1	9	1	10	12	11.36	6.28	11.71
1134	1	10	0	4	8	11.44	-3.23	12.83
1134	1	11	1	20	21	12.66	2.02	12.87
1134	1	12	0	14	18	19.02	1.48	17.96
1134	1	13	0	6	8	17.34	2.1	18.06
1134	1	14	1	4	4	18.24	13.61	16.73
1134	1	15	0	12	16	19.69	6.11	19.39
1134	1	16	1	18	20	25.5	15.44	23.8
1134	1	17	1	8	9	19.77	8.24	18.22
1134	1	18	0	16	20	18.58	4.42	18.65
1134	2	19	0	4	8	14.46	7.34	14.85
1134	2	20	1	18	20	14.4	7.63	13.42
1134	2	21	0	12	16	13.7	4.87	15.52
1134	2	22	1	14	14	13.18	10.89	11.62
1134	2	23	0	18	22	23.63	6.44	23.3
1134	2	24	1	6	6	12.24	-0.92	12.44
1134	2	25	0	8	11	15.67	0.7	15.99
1134	2	26	0	14	19	13.76	0.88	14.61
1134	2	27	1	20	23	20.8	12.28	19.03
1134	2	28	1	16	17	13.23	10.88	12.88
1134	2	29	0	10	14	14.38	5.5	14.33
1134	2	30	1	8	9	18.79	8.99	18.36
1134	2	31	0	6	9	13.9	2.77	13.65
1134	2	32	1	12	14	14.32	4.32	15.19
1134	2	33	1	4	4	15.83	1.03	14.67
1134	2	34	0	20	25	26.84	10.76	24.49
1134	2	35	1	10	12	22.1	18.59	20.16
1134	2	36	0	16	20	5.2	0.11	7.8
1134	3	37	1	18	20	16.2	4.69	16.98
1134	3	38	0	16	20	16.36	6.44	16.68
1134	3	39	1	4	4	15.58	2.13	16.46
1134	3	40	0	10	14	21.23	4.57	21.64
1134	3	41	1	20	24	18.64	12.15	17.9
1134	3	42	0	14	20	16.81	-1.63	17.94
1134	3	43	1	6	6	12.76	3.06	12.06
1134	3	44	0	4	7	13.76	9.5	13.45
1134	3	45	0	18	22	3.06	11.19	2.6
1134	3	46	1	16	18	16	13.19	15.51
1134	3	47	0	6	8	8.12	8	7.01
1134	3	48	1	8	10	13.1	12.67	12.17
1134	3	49	0	20	25	12.59	6.69	11.79
1134	3	50	0	8	12	12.21	3.94	12.6
1134	3	51	1	12	13	16.38	20.32	14.86
1134	3	52	0	12	16	12.08	3.12	12.95
1134	3	54	1	10	11	7.75	13.53	7.44
1135	1	1	0	6	8	16.87	10.3	15.83
1135	1	2	1	16	20	17.94	12.82	17.39
1135	1	3	1	4	4	17.97	14.73	17.42
1135	1	4	0	14	16	16.23	5.48	15.32
1135	1	5	0	20	24	15.77	4.12	15.11
1135	1	6	1	10	15	15.28	10.91	15.03
1135	1	7	0	8	10	17.13	8.13	16.41
1135	1	8	1	18	21	16.58	6.82	15.53
1135	1	9	0	12	15	23.07	8.77	21.68
1135	1	10	1	6	6	13.52	-3.13	12.91
1135	1	11	1	14	17	21.21	9.35	20.09
1135	1	12	0	18	21	10.87	-1.78	11.09
1135	1	13	1	8	11	13.23	13.49	13.35
1135	1	14	0	10	12	16.89	9.25	15.83
1135	1	15	1	20	23	14.32	4.13	13.27
1135	1	16	0	16	18	18.02	-7.43	16.67
1135	1	17	1	12	15	13.57	0.18	13.38
1135	1	18	0	4	4	11.65	2.74	10.87
1135	2	19	1	20	23	17.09	8.26	16.03
1135	2	20	0	18	22	10.51	0.78	10.59
1135	2	21	0	8	9	13.2	-0.38	12.82
1135	2	22	1	4	5	10.71	8.78	10.68
1135	2	23	1	16	19	10.17	7.39	10.45
1135	2	24	0	14	16	14.24	5.24	13.82
1135	2	25	0	10	11	16.67	4.59	15.44
1135	2	26	1	8	11	8.32	4.25	9.23
1135	2	27	0	20	24	19.29	10.16	19.24
1135	2	28	1	12	15	13.29	2.72	13.85
1135	2	29	0	16	18	9.96	3.76	9.79
1135	2	30	1	18	20	14.79	15.15	15.34
1135	2	31	1	10	12	8.46	7.09	9.44
1135	2	32	0	6	7	10.56	0.38	9.9
1135	2	33	0	12	14	12.82	3.32	11.68
1135	2	34	1	14	16	12.25	7.12	12.58
1135	2	35	1	6	8	12.43	5.32	12.49
1135	2	36	0	4	5	15.97	9.04	15.27
1135	3	37	0	8	9	19.81	8.39	18.11
1135	3	38	1	16	18	18.62	13.69	17.82
1135	3	39	0	18	21	16.14	5.87	15.09
1135	3	40	1	6	7	12.87	4.99	12.08
1135	3	41	1	20	23	12.36	9.18	12.05
1135	3	42	0	10	12	10.44	2.66	10.51
1135	3	43	1	8	10	11.4	2.38	10.57
1135	3	44	0	16	19	15.72	1.84	14.52
1135	3	45	1	14	16	14.46	5.88	14.06
1135	3	46	0	12	14	16.32	-1.79	15.14
1135	3	47	0	6	7	14	-0.02	13.27
1135	3	48	1	18	20	19.82	8.29	18.87
1135	3	49	0	20	24	19.46	3.03	17.87
1135	3	50	1	4	5	12.67	4.38	12.55
1135	3	51	0	14	16	17.11	5.43	16.1
1135	3	52	1	10	12	15.37	7.17	15.4
1135	3	53	1	12	14	9.61	3.97	9.49
1135	3	54	0	4	5	14.27	8.91	13.22
1136	1	1	1	10	16	18.39	10.74	20.01
1136	1	2	0	14	22	20.51	1.27	21.61
1136	1	3	1	18	20	19.77	3.82	23.47
1136	1	4	0	6	12	13.82	7.7	18.58
1136	1	5	0	12	18	12.38	3.19	14.96
1136	1	6	1	8	14	20.1	8.15	26.27
1136	1	7	0	16	19	14.66	7.84	18.86
1136	1	8	0	10	20	18.01	3.49	19.48
1136	1	9	1	20	25	26.53	12.23	22.68
1136	1	10	1	4	16	21.27	5.92	23.55
1136	1	11	0	20	25	11.67	6.36	19.26
1136	1	12	1	14	20	19.6	-1	22.7
1136	1	13	0	4	25	6.82	-10.77	12.06
1136	1	14	0	18	25	15.79	17.55	19.1
1136	1	15	1	6	16	14.29	8.95	17.86
1136	1	16	0	8	15	17.69	4.14	18.65
1136	1	17	1	12	20	17.61	4.49	19.27
1136	1	18	1	16	18	11.45	12.13	16.06
1136	2	19	0	18	25	9.08	12.04	15.22
1136	2	20	1	4	10	12.64	2.15	15.01
1136	2	21	0	14	22	18.15	4.34	20.62
1136	2	22	1	12	19	9.47	7.73	14.28
1136	2	23	1	18	25	20.84	10.89	24.81
1136	2	24	0	6	16	11.47	1.81	17.32
1136	2	25	0	20	25	14.93	6.52	18.51
1136	2	26	1	8	15	16.41	5.58	19.46
1136	2	27	1	14	20	13.51	14.85	15.88
1136	2	28	0	16	24	8.98	1.58	19.58
1136	2	29	0	8	17	10.44	-1.01	19.22
1136	2	30	1	10	16	9.05	2.51	12.91
1136	2	31	0	12	18	10.57	5.21	14.56
1136	2	32	1	6	12	9.67	3.27	18.92
1136	2	33	1	20	25	22.54	5.93	23.77
1136	2	35	1	16	18	8.39	16.97	11.94
1136	2	36	0	10	20	9.91	16.91	10.84
1136	3	37	1	16	20	11.47	6.06	18.14
1136	3	39	1	10	17	14.32	13.22	19.84
1136	3	40	0	4	12	18.77	9.51	21.05
1136	3	41	0	20	25	21.19	15.29	21.41
1136	3	42	1	14	20	14.85	9.21	16.95
1136	3	43	1	4	6	9.45	3.43	13.9
1136	3	44	0	6	10	10.6	15.79	15.22
1136	3	45	1	18	19	16.47	-1.29	16.67
1136	3	46	0	16	23	19.84	10.27	17.86
1136	3	47	1	6	16	23.93	6.94	23.47
1136	3	48	0	8	14	11.17	-7.12	17.06
1136	3	50	1	20	24	19.52	15.91	18.46
1136	3	52	1	8	17	22.01	18.71	17.48
1136	3	53	0	10	20	14.43	2.36	19.71
1136	3	54	1	12	15	24.89	5.69	21.98
1137	1	1	1	6	6	19.03	1.3	8.98
1137	1	2	0	16	10	8.5	3.54	7.5
1137	1	3	0	4	4	4.77	8.24	8.63
1137	1	4	1	14	10	7.43	2.52	8.31
1137	1	6	1	20	10	10.23	7.13	8.86
1137	1	7	1	8	8	13.94	3.01	9.46
1137	1	8	0	18	10	10.42	11.42	8.89
1137	1	9	1	12	12	8.24	12.64	9.35
1137	1	10	0	6	6	10.63	2.9	7.86
1137	1	11	1	18	10	14.1	2.38	8.56
1137	1	12	0	14	10	12.77	1.44	8.43
1137	1	13	0	8	8	10.57	9.28	9.65
1137	1	14	1	10	10	2.84	16.21	10.28
1137	1	15	0	20	10	12.97	4.8	7.93
1137	1	16	1	16	10	8.16	16.37	12.43
1137	1	17	1	4	4	8.23	7.15	6.14
1137	1	18	0	12	10	11.56	5.31	9.18
1137	2	19	0	20	10	13.95	-2.47	7.51
1137	2	20	1	18	10	8.33	9.32	8.59
1137	2	21	0	4	4	12.4	4.35	8.96
1137	2	22	1	8	8	0.49	5.2	5.7
1137	2	23	0	16	10	7.9	4.26	7.15
1137	2	24	1	14	10	13.86	5.59	10.12
1137	2	25	0	8	8	12.48	9.05	10.51
1137	2	26	0	12	10	17.09	7.98	12.28
1137	2	27	1	10	10	6.99	1.28	6.34
1137	2	28	1	20	10	9.07	9.69	9.18
1137	2	29	0	18	10	19.23	3.06	9.15
1137	2	30	1	16	10	8.25	1.39	6.75
1137	2	31	0	10	7	5.88	8.59	7.69
1137	2	32	1	6	6	12.48	2.05	7.65
1137	2	33	1	12	10	0.33	10.44	7.93
1137	2	34	0	14	10	11.61	1.54	8.48
1137	2	35	1	4	4	9.83	1.74	7.31
1137	2	36	0	6	6	7.84	6.43	8.6
1137	3	37	1	8	8	9.63	9.34	10.21
1137	3	38	0	16	10	21.81	10.3	12.48
1137	3	39	1	18	10	10.91	9.77	8.71
1137	3	40	0	6	6	9.69	1.28	7.58
1137	3	41	1	10	8	6.38	12.69	9.96
1137	3	42	0	20	10	17.14	4.92	9.57
1137	3	43	1	16	10	4.82	8.59	7.98
1137	3	44	0	8	8	8.01	4.52	7.98
1137	3	45	0	14	10	9.46	3.9	9.94
1137	3	46	1	12	10	9.69	0.05	8.19
1137	3	47	0	18	10	11.46	-4.98	6.24
1137	3	48	1	6	6	6.85	7.2	7.34
1137	3	49	0	4	4	8.17	5.8	7.39
1137	3	50	0	10	8	17.12	-3.28	7.23
1137	3	51	1	20	10	7.91	14	9.66
1137	3	53	1	14	10	11.1	2.85	8.85
1137	3	54	1	4	4	11.06	1.76	8.17
1138	1	1	0	10	11	15.9	5.41	14.71
1138	1	2	1	14	15	15.02	1.93	13.23
1138	1	3	1	6	7	16.22	7.52	14.88
1138	1	4	0	18	20	18.39	1.96	16.78
1138	1	5	0	8	9	13.1	0.55	11.55
1138	1	6	1	12	13	11.71	4.37	10.42
1138	1	7	0	20	21	14.5	6.82	13.73
1138	1	8	1	16	17	16.87	4.83	15.61
1138	1	9	0	4	5	11.1	4.74	10.3
1138	1	10	1	10	11	13.82	3.98	12.63
1138	1	11	1	20	21	14.65	16.31	14.63
1138	1	12	0	14	15	10.99	8.76	10.45
1138	1	13	1	4	4	11.6	2.92	9.64
1138	1	14	0	6	7	20.31	6.96	18.01
1138	1	15	1	18	19	20.15	6.75	17.92
1138	1	16	0	12	13	10.97	12.46	10.56
1138	1	17	1	8	8	10.18	13.86	9.49
1138	1	18	0	16	18	14.83	3.39	13.3
1138	2	19	1	18	19	17.96	12.79	17.1
1138	2	20	0	4	3	14.54	3.54	12.72
1138	2	21	0	12	13	17	2.11	14.67
1138	2	22	1	14	15	12.18	1.33	10.59
1138	2	23	1	6	4	11.31	4.88	10.22
1138	2	24	0	18	20	17.31	8.35	16.13
1138	2	25	0	8	8	14.82	6.35	13.67
1138	2	26	1	20	20	14.1	7.49	13
1138	2	27	0	14	15	12.59	7.05	11.76
1138	2	28	1	16	17	12.39	8.98	11.41
1138	2	29	0	10	11	11.47	3.84	10.42
1138	2	30	1	8	9	13.25	-1.72	10.69
1138	2	31	1	12	13	19.13	2.87	16.64
1138	2	32	0	6	7	13.96	0.4	12.51
1138	2	33	0	20	22	8.03	-9.33	6.13
1138	2	34	1	4	3	14.52	5.39	13.21
1138	2	35	1	10	11	14.56	7.81	13.2
1138	2	36	0	16	18	21.62	6.52	19.84
1138	3	37	0	16	18	19.69	10.77	18.73
1138	3	38	1	18	19	13.3	9.5	12.51
1138	3	39	0	10	11	14.98	1.79	13.46
1138	3	40	1	4	3	10.23	8.89	9.61
1138	3	41	1	20	21	18.4	10.73	16.78
1138	3	42	0	14	15	12.02	10.74	11.86
1138	3	43	1	6	5	11.09	10.21	10.68
1138	3	44	0	4	5	14.6	8.81	12.67
1138	3	45	1	16	17	14.26	8.72	12.83
1138	3	46	0	18	20	13.78	-4.22	11.28
1138	3	47	0	6	6	9.45	1.34	8.53
1138	3	48	1	8	9	15.37	9.51	13.83
1138	3	49	0	20	21	11.49	3.19	9.82
1138	3	50	1	12	13	6.39	-0.73	5.41
1138	3	51	0	8	9	19.76	5.08	17.58
1138	3	52	1	14	15	19.66	5.32	17.86
1138	3	53	1	10	11	8.89	7.48	8.4
1138	3	54	0	12	13	14.45	10.98	14.28
1139	1	1	1	16	12	12.31	11.15	11.11
1139	1	2	0	6	6	6.93	0.86	4.73
1139	1	3	1	4	4	9.41	6.24	7.79
1139	1	5	0	20	12	12.4	9.47	10.98
1139	1	6	1	10	10	6.17	16.06	9.44
1139	1	7	0	8	8	9.43	10.7	9.98
1139	1	8	0	12	10	4.53	4.05	5.02
1139	1	9	1	18	15	10.39	9.94	9.9
1139	1	10	1	6	6	9.78	12.84	10.68
1139	1	11	0	18	12	14.56	12.77	13.5
1139	1	12	1	14	12	9.96	4.68	8.24
1139	1	13	0	10	8	13.38	4.2	10.18
1139	1	14	0	16	12	12.74	1.82	8.4
1139	1	15	1	8	6	11.04	-1.5	6.83
1139	1	16	0	4	4	9.34	2.4	7.68
1139	1	17	1	20	15	15.05	1.92	10.29
1139	1	18	1	12	10	8.03	-1.88	4.81
1139	2	19	0	18	14	12.79	8.17	10.41
1139	2	20	1	20	15	12.2	10.38	11.34
1139	2	21	0	8	6	12.76	2.04	8.44
1139	2	22	1	4	4	8.59	4.04	7.14
1139	2	23	1	16	13	13.48	9.09	12.43
1139	2	24	0	14	12	14.38	0.95	9.28
1139	2	25	0	10	8	10.73	11.55	11.12
1139	2	26	1	8	6	5.37	13.33	8.57
1139	2	27	1	12	10	7.62	5.43	7.27
1139	2	28	0	20	12	12.5	4.97	9.77
1139	2	29	0	16	13	14.89	5.2	11.05
1139	2	30	1	18	15	11.77	8.4	10.59
1139	2	31	0	6	5	14.15	1.39	9.62
1139	2	32	1	10	8	19.02	1.49	11.18
1139	2	33	1	14	12	4.68	11.58	8.86
1139	2	34	0	12	10	10.78	10.39	11.12
1139	2	35	1	6	4	9.8	10.35	11.04
1139	2	36	0	4	4	6.34	3.32	5.97
1139	3	37	1	16	13	8.38	10.77	9.73
1139	3	38	0	8	6	7.07	6.32	6.93
1139	3	39	1	6	5	15.56	5.98	11.49
1139	3	40	0	18	15	14.8	2.76	10.06
1139	3	41	0	10	8	15.13	6.79	11.44
1139	3	42	1	20	15	15.62	5.65	11.11
1139	3	43	1	8	6	11.68	11.96	11.88
1139	3	44	0	16	13	13.43	5.1	10.69
1139	3	45	1	14	12	12.33	3.93	9.73
1139	3	46	0	12	10	7.4	-1.84	3.55
1139	3	47	1	18	15	11.52	11.06	9.7
1139	3	48	0	6	5	12.36	3.82	9.64
1139	3	49	0	20	15	17.02	7.63	13.3
1139	3	50	1	4	4	10.65	0.38	5.91
1139	3	51	0	14	12	24.14	2.84	15.57
1139	3	52	1	10	8	6.64	2.04	6.43
1139	3	53	0	4	4	3.56	8.86	7.03
1139	3	54	1	12	10	17.19	-1.07	9.71
1140	1	1	1	10	7	20.03	0.26	15.91
1140	1	2	0	14	9	18.4	8.68	15.08
1140	1	3	0	6	1	17.49	5.33	13.87
1140	1	4	1	18	17	18.17	6.39	16.36
1140	1	5	0	12	5	16.06	6.04	12.04
1140	1	6	1	8	7	14.07	10.18	11.43
1140	1	7	1	20	21	26.98	2.52	23.41
1140	1	8	0	16	9	17.87	1.65	14.04
1140	1	9	1	4	3	19.79	11.85	17.44
1140	1	10	0	10	5	10.92	5.48	7.34
1140	1	11	1	14	12	15.72	16.05	12.54
1140	1	12	0	20	21	14.33	2.63	9.3
1140	1	13	0	4	1	9.5	8.56	6.69
1140	1	14	1	6	5	7.78	3.49	4.04
1140	1	15	0	18	19	15.77	7.72	13.35
1140	1	16	1	12	11	15.45	-0.73	9.22
1140	1	17	1	16	13	21.71	8.87	16.22
1140	1	18	0	8	6	12.69	7.01	6.97
1140	2	19	0	18	20	13.65	7.47	11.42
1140	2	20	1	4	4	10.84	1.44	6.9
1140	2	21	0	14	12	3.91	2	0.88
1140	2	22	1	12	10	12.41	6.76	9.96
1140	2	23	0	6	5	13.64	3.37	9.86
1140	2	24	1	18	18	15.95	4.67	11.77
1140	2	25	0	20	21	18.24	8.3	13.7
1140	2	26	0	16	14	15.42	3.16	10.37
1140	2	27	1	8	7	8.89	8.43	5.84
1140	2	28	1	14	13	15.53	8.43	13.37
1140	2	29	0	8	6	10.18	2.61	5.59
1140	2	30	1	10	10	10.32	3.85	8.75
1140	2	31	0	12	9	11.76	1.76	6.97
1140	2	32	1	6	4	13.88	13.24	13.62
1140	2	33	1	20	20	10.77	11.27	7.8
1140	2	34	0	4	3	14.73	1.51	10.58
1140	2	35	1	16	14	14.16	7.67	9
1140	2	36	0	10	8	19.14	6.83	15.01
1140	3	37	1	16	13	14.51	2.91	9.86
1140	3	38	0	18	20	19.9	5.06	15.9
1140	3	39	1	10	8	10.33	11.91	7.52
1140	3	40	0	4	3	8.13	-1.15	5.17
1140	3	41	1	14	12	10.08	5.51	5.7
1140	3	42	0	20	21	20.59	3.26	15.56
1140	3	43	1	4	4	10	5.75	7.14
1140	3	44	0	6	4	14.01	-2.78	9.01
1140	3	45	0	16	14	13.13	1.59	9.73
1140	3	46	1	18	16	17.21	14.85	14.43
1140	3	47	0	8	6	18.95	8.72	13.87
1140	3	48	1	6	5	13.34	7.18	9.87
1140	3	49	0	12	12	12.85	13.47	10.13
1140	3	50	0	14	13	16.86	5.93	13.65
1140	3	51	1	20	18	14.5	10.75	11.83
1140	3	52	0	10	7	12.7	-0.25	8.65
1140	3	53	1	8	6	12.7	2.43	9.2
1140	3	54	1	12	9	17	3.36	11.98
1141	1	2	1	6	6	4.57	5.66	3.79
1141	1	3	1	14	8	11.1	7	6.75
1141	1	4	0	4	2	8.57	3.83	4.75
1141	1	5	0	10	5	8.71	4.23	5.34
1141	1	6	1	20	5	15.32	4.68	7.91
1141	1	7	0	18	11	8.3	8.73	7.63
1141	1	8	1	8	6	6.34	7.03	6.03
1141	1	9	0	6	4	2.6	8.13	6.31
1141	1	10	1	12	6	5.39	10.59	7.67
1141	1	11	1	18	8	5.77	11.84	7.71
1141	1	12	0	14	8	14.25	1.15	7.21
1141	1	13	1	10	6	8.31	14.11	9.22
1141	1	14	0	8	2	-0.17	10.8	6.88
1141	1	15	1	16	9	6.98	6.33	7.25
1141	1	16	0	20	9	5.95	11.14	6.3
1141	1	17	1	4	4	13.64	1.99	6.88
1141	1	18	0	12	9	19.37	-10.26	4.11
1141	2	19	1	18	10	6.44	7.54	5.9
1141	2	20	0	20	13	8.27	3.05	4.24
1141	2	21	0	4	4	6.93	7.49	6.24
1141	2	22	1	8	7	3.86	5.81	6.24
1141	2	23	1	14	7	9.67	6.17	7.97
1141	2	24	0	16	9	-4.81	8.05	2.72
1141	2	25	0	8	6	17.96	0.61	8.4
1141	2	26	1	10	6	4.9	4.66	5.13
1141	2	27	0	12	8	4.99	3.28	6.17
1141	2	28	1	20	10	8.51	8.86	6.05
1141	2	29	0	18	10	11.24	3.24	8.57
1141	2	30	1	16	10	-0.6	9.04	4.95
1141	2	31	1	6	5	8.8	-0.89	5.66
1141	2	32	0	10	6	-4.88	9.05	6.68
1141	2	33	0	14	10	3.16	5.17	4.23
1141	2	34	1	12	8	10.23	5.46	5.85
1141	2	35	1	4	5	14.18	5.35	10.52
1141	2	36	0	6	4	23.28	0.03	10.06
1141	3	37	0	16	6	12.56	2.54	6.06
1141	3	38	1	8	6	19.78	-2.42	5.78
1141	3	39	0	6	5	13.47	1.15	7.84
1141	3	40	1	18	6	-1.29	8.05	1
1141	3	41	1	10	8	-0.16	14.87	5.57
1141	3	42	0	20	8	11.71	8.17	9.98
1141	3	43	1	16	8	6.49	6.64	6.56
1141	3	44	0	8	9	27.88	-6.76	7.92
1141	3	45	1	12	7	-6.88	17.48	4.28
1141	3	46	0	14	9	-1.71	11.95	5.86
1141	3	47	0	18	8	11.15	7.16	8.07
1141	3	48	1	6	3	7.37	11.69	11.02
1141	3	49	0	4	2	19.58	-0.12	7.37
1141	3	50	1	20	7	8.81	7.37	9.11
1141	3	51	0	10	7	5.83	9.19	7.62
1141	3	52	1	14	5	6.21	7.21	8.73
1141	3	53	1	4	2	9.21	5.57	8.17
1141	3	54	0	12	6	6.26	1.46	4.13
1142	1	1	1	14	10	2.23	10.2	10.84
1142	1	2	0	10	10	7.69	11.88	10.11
1142	1	3	1	6	2	13.77	1.65	15.27
1142	1	4	0	18	15	8.43	7.08	11.24
1142	1	5	0	8	13	12.9	2.62	10.31
1142	1	6	1	12	10	8.65	6.67	6.48
1142	1	7	0	20	10	9.07	8.84	7.99
1142	1	8	0	4	0	11.83	6.49	5.15
1142	1	9	1	16	18	11.69	-2.16	5.79
1142	1	10	1	10	10	-0.51	17.81	12.52
1142	1	11	0	14	16	15	4.44	9.93
1142	1	12	1	20	0	9.3	-1.08	2.95
1142	1	13	0	6	8	4.72	10.29	10.66
1142	1	14	0	12	10	7.95	-5.18	7.1
1142	1	15	1	4	1	-3.81	10.25	2.01
1142	1	16	0	16	10	7.69	-0.37	11.97
1142	1	17	1	18	6	12.31	-0.58	12.58
1142	1	18	1	8	6	29.51	-3.72	18.38
1142	2	19	0	4	2	5.25	6.99	4.52
1142	2	20	1	18	12	11.02	6.24	8.73
1142	2	21	0	12	14	12.23	10.15	7.24
1142	2	22	1	14	15	15.41	1.91	1.98
1142	2	23	1	6	5	15.9	-1.99	9.11
1142	2	24	0	18	25	13.51	4.98	6.57
1142	2	25	0	8	8	4.55	12.92	11.76
1142	2	26	1	20	5	8.36	2.74	8.44
1142	2	27	1	16	9	-0.78	14.86	9.32
1142	2	28	0	14	10	2.05	11.05	8.71
1142	2	29	0	10	6	4.74	9.48	4.38
1142	2	30	1	8	9	1.33	12.38	6.46
1142	2	31	0	6	15	18.07	-0.16	8.5
1142	2	32	1	12	8	4.44	19.81	10.17
1142	2	33	1	4	2	2.07	9.89	11.75
1142	2	34	0	20	4	25.22	-1.99	15.64
1142	2	36	0	16	13	6.97	13.13	9.83
1142	3	37	1	18	6	6.11	3.62	7.35
1142	3	38	0	16	7	14.47	4.35	10.96
1142	3	39	1	4	2	11.46	3.03	3.3
1142	3	40	0	10	5	5.54	9.13	1.68
1142	3	41	0	14	8	6.17	5.43	5.99
1142	3	42	1	20	5	16.33	-8.17	8.84
1142	3	43	1	6	16	2.9	15.12	4.98
1142	3	44	0	4	1	8.28	3.18	7.53
1142	3	45	1	16	8	9.14	6.45	12.05
1142	3	47	1	8	5	-0.07	13.8	6.26
1142	3	48	0	6	2	1.19	4.97	4.91
1142	3	49	0	20	2	10.62	4.05	14.13
1142	3	50	1	12	4	14.47	-4.27	6.64
1142	3	51	0	8	6	2.64	21.4	7.43
1142	3	52	1	14	6	3.51	-2.94	4.72
1142	3	53	0	12	5	6.38	6.69	9.3
1142	3	54	1	10	5	3.95	20.71	8
1143	1	1	1	16	6	8.2	4.93	5.29
1143	1	2	0	6	0	15.03	3.19	2.22
1143	1	3	0	14	0	4.09	7.16	2.69
1143	1	4	1	4	2	10.51	4.71	5.7
1143	1	5	0	20	10	6.68	10.89	5.14
1143	1	6	1	10	5	10.53	8.53	6.17
1143	1	7	1	18	8	13.5	7.88	7.61
1143	1	8	0	8	0	-2.61	12.97	6.14
1143	1	9	1	6	1	9.71	9.8	5.54
1143	1	10	0	12	5	13.04	5.38	4.78
1143	1	11	1	14	6	3.36	9.81	6.42
1143	1	12	0	18	0	11.54	-4.83	-1.3
1143	1	13	0	10	5	-0.29	11.26	5.72
1143	1	14	1	8	2	1.06	9.62	3.86
1143	1	15	0	16	0	13.61	1	1.69
1143	1	16	1	20	10	-3.41	13.99	5.23
1143	1	17	1	12	6	12.4	7.08	7.62
1143	1	18	0	4	0	5.01	7.82	3.95
1143	2	19	0	18	0	5.15	2.47	3.72
1143	2	20	1	20	10	-9.93	16.04	3.02
1143	2	21	0	8	4	0.76	13.91	7.95
1143	2	22	1	4	1	13.35	2.71	3.42
1143	2	24	1	16	7	12.09	2.66	5.61
1143	2	25	0	10	4	12.09	0.67	2.64
1143	2	26	0	20	9	5.92	7.53	3.27
1143	2	27	1	8	3	12.21	2.76	4.91
1143	2	28	1	12	5	13.73	1.68	1.67
1143	2	29	0	16	0	23.41	-1.59	0.82
1143	2	30	1	18	10	13.63	2.44	5.93
1143	2	31	0	6	2	4.73	6.83	7.5
1143	2	32	1	10	4	9.29	3.15	4.83
1143	2	33	1	14	6	12.31	-0.69	0.94
1143	2	34	0	12	5	-1.06	5.17	-0.1
1143	2	36	0	4	0	11.56	3.95	1.62
1143	3	37	1	16	6	4.77	9.56	7.18
1143	3	38	0	8	0	15.62	0.52	3.75
1143	3	39	1	6	2	7.38	11.72	9
1143	3	40	0	18	7	-0.5	15.64	3.02
1143	3	41	1	20	10	10.65	3.91	4.24
1143	3	42	0	10	4	2.95	-5.18	-2.37
1143	3	43	1	8	5	-0.94	7.84	3.28
1143	3	44	0	16	7	3.47	14.08	8.87
1143	3	45	0	12	6	8.86	1.32	2.27
1143	3	46	1	14	6	20.3	-10.45	4.34
1143	3	47	0	6	0	11	8.2	9.22
1143	3	48	1	18	8	14.36	4.63	9.39
1143	3	49	0	20	0	13.96	2.8	3.14
1143	3	50	0	14	0	13.8	6.9	3.98
1143	3	51	1	4	13	6.28	4.62	3
1143	3	52	0	4	1	15.1	2.79	5.05
1143	3	53	1	10	3	11.35	0.05	3.88
1143	3	54	1	12	5	21.99	-1.91	2.93
1144	1	1	0	14	20	12.34	1.96	11.6
1144	1	2	1	10	8	18.13	11.41	18.03
1144	1	3	1	18	18	19.92	6.92	19.41
1144	1	4	0	6	6	14.94	0.78	15.35
1144	1	5	0	12	18	9.56	6.59	9.58
1144	1	6	1	8	6	14.78	5.38	14.22
1144	1	7	0	16	23	16.36	17.25	17.23
1144	1	8	1	20	23	21.08	6.75	21.51
1144	1	9	0	10	13	17.09	13.82	18.12
1144	1	10	1	4	4	17.91	8.17	18.4
1144	1	11	1	14	14	10.11	3.25	10.09
1144	1	12	0	20	25	14.37	4.65	12.99
1144	1	13	1	6	6	17.51	-0.83	16.24
1144	1	14	0	4	4	8.4	7.35	6.35
1144	1	15	1	12	12	8.53	2.34	8.52
1144	1	16	0	18	24	12.23	7.86	11.06
1144	1	17	1	16	20	5.96	2.08	5.32
1144	1	18	0	8	8	8	5.66	5.76
1144	2	19	1	4	4	13.99	3.99	14.66
1144	2	20	0	18	23	18.26	11.07	18.35
1144	2	21	0	14	20	10.25	4.4	10.74
1144	2	22	1	12	18	8.06	1.9	9.21
1144	2	23	1	18	21	17.57	8.31	18.65
1144	2	24	0	6	7	22.53	9.08	25.75
1144	2	25	0	20	25	17.68	2.77	19.13
1144	2	26	1	8	13	12.61	2.89	14.25
1144	2	28	1	14	17	19.74	5.44	21.08
1144	2	29	0	8	11	27.57	6.67	26.02
1144	2	30	1	10	13	22.04	12.22	23.26
1144	2	31	1	6	9	14.64	8.61	16.68
1144	2	32	0	12	17	21.83	7.69	22.13
1144	2	33	0	4	8	16.55	10.06	16.96
1144	2	34	1	20	25	15.03	16.43	13.41
1144	2	35	1	16	21	18.59	9.58	18.17
1144	2	36	0	10	14	15.54	1.17	16.25
1144	3	37	0	18	23	9.97	9.91	9.23
1144	3	38	1	16	19	12.44	5.32	11.61
1144	3	39	0	4	6	18.42	8.97	18.85
1144	3	40	1	10	12	16.77	9.47	15.87
1144	3	41	1	14	17	17.67	7.44	18.6
1144	3	42	0	20	25	18.97	13.44	18.38
1144	3	43	1	4	6	22.02	10.26	22.35
1144	3	44	0	6	8	13.38	2.6	13.31
1144	3	45	1	18	21	16.87	6.4	18.6
1144	3	46	0	16	21	10.04	6.78	11.38
1144	3	47	0	8	10	19.39	6.55	18.94
1144	3	48	1	6	8	24.39	7.96	25.46
1144	3	49	0	12	15	19.32	4.58	20.27
1144	3	50	1	20	24	19.18	6.65	20.33
1144	3	51	0	14	19	22.44	13.9	22.53
1144	3	52	1	8	10	14.04	4.84	14.92
1144	3	53	1	12	15	12.36	-2.62	14.2
1144	3	54	0	10	15	18.9	4.28	19.32
1145	1	1	1	6	7	15.24	9.78	16.73
1145	1	2	0	16	18	13	11.14	15.46
1145	1	3	1	14	15	22.35	10.68	27.83
1145	1	4	0	4	5	21.97	9.32	20.62
1145	1	5	0	10	11	17.1	5.67	16.37
1145	1	6	1	20	20	21.01	3.34	20.41
1145	1	7	0	18	20	16.15	-0.71	17.56
1145	1	8	0	6	8	15.2	8.27	16.25
1145	1	9	1	8	10	17.82	7.33	15.67
1145	1	10	1	12	13	20.28	11.86	17.82
1145	1	11	0	14	16	16.56	7.23	12.4
1145	1	12	1	18	21	10.63	2.63	11.24
1145	1	13	0	8	10	12.32	1.04	12.34
1145	1	14	0	20	25	14.23	8.9	12.57
1145	1	15	1	10	11	12.1	2.95	10.9
1145	1	16	0	12	13	8.07	-6.87	6.93
1145	1	17	1	16	18	10.7	1.46	10.23
1145	2	19	0	20	25	13.95	8.45	11.8
1145	2	20	1	18	20	10.35	2.68	8.55
1145	2	21	0	4	6	8.15	0.67	9.87
1145	2	22	1	8	10	17.89	11.66	16.69
1145	2	23	1	14	16	18.84	5.24	20.15
1145	2	24	0	16	21	10.62	18.73	10.07
1145	2	25	0	8	9	9.98	6.27	9.66
1145	2	26	1	10	12	15.42	5.28	16.21
1145	2	27	1	20	24	18.81	7.41	17.23
1145	2	28	0	12	15	12.56	5.56	9.45
1145	2	29	0	18	20	13.21	10.66	9.31
1145	2	30	1	16	20	11.83	2.63	12.44
1145	2	31	0	10	12	10.32	1.95	8.13
1145	2	32	1	6	8	12.8	2.82	11.92
1145	2	33	1	12	14	8.87	3.07	12.68
1145	2	34	0	14	16	12.11	2.85	9.28
1145	2	35	1	4	6	20.59	15.21	18.34
1145	2	36	0	6	7	17.44	5.68	14.25
1145	3	37	1	8	9	17.59	16.28	13.75
1145	3	38	0	16	20	13.19	10.46	11.86
1145	3	39	1	18	20	22.64	15.38	20.1
1145	3	40	0	6	7	1.92	-3.7	2.26
1145	3	41	0	20	25	20.41	11.4	18.34
1145	3	42	1	10	11	13.01	9.34	12.34
1145	3	43	1	16	18	14.64	11.65	12.99
1145	3	44	0	8	5	15.65	8.39	14.41
1145	3	45	1	12	13	10.55	8.87	9.72
1145	3	46	0	14	0	17.91	-0.38	16.35
1145	3	47	1	6	8	18.46	-0.43	17.21
1145	3	48	0	18	20	25.39	8.94	22.35
1145	3	49	0	4	5	12.28	-0.61	10.4
1145	3	50	1	20	21	15.47	5.63	14.61
1145	3	51	0	10	10	9.58	4.58	7.73
1145	3	52	1	14	15	12.07	2.15	11.74
1145	3	53	0	12	13	17.52	4.4	15.51
1145	3	54	1	4	5	15.97	0.11	14.81
1146	1	1	1	14	17	7.25	3.81	5.18
1146	1	2	0	10	3	18.01	6.99	12.95
1146	1	3	0	18	10	13.75	11.8	12.69
1146	1	4	1	6	8	6.62	3.78	6.83
1146	1	5	0	8	10	10.84	3.5	7.52
1146	1	6	1	12	13	10.38	2.74	6.63
1146	1	7	1	16	18	11.4	7.14	9.77
1146	1	8	0	20	12	20.08	8.14	16.14
1146	1	9	1	10	12	13.51	8.8	11.86
1146	1	10	0	4	2	12.33	7.33	10.49
1146	1	11	1	20	15	17.4	7.58	14.35
1146	1	12	0	14	14	12.07	7.01	8.46
1146	1	13	0	6	7	8.14	11.12	9.41
1146	1	14	1	4	6	12.94	6.14	8.47
1146	1	15	0	12	12	6.12	9.82	5.64
1146	1	16	1	18	14	14.39	2.53	10.5
1146	1	17	1	8	6	10.99	8.62	10.71
1146	1	18	0	16	13	13.46	6.38	8.24
1146	2	19	0	4	3	7.67	4.76	8.29
1146	2	20	1	18	15	15.92	2.52	9.04
1146	2	21	0	12	8	12.2	5.34	7.97
1146	2	22	1	14	10	14.99	12.89	14.58
1146	2	23	0	18	11	18.63	4.09	13.26
1146	2	24	1	6	3	12.43	1.79	8.39
1146	2	25	0	8	4	9.84	-9.84	3.59
1146	2	26	0	14	9	15.93	0.23	8.36
1146	2	27	1	20	16	17.54	11.33	14.15
1146	2	28	1	16	13	9.13	6.94	9.48
1146	2	29	0	10	7	13.26	0.92	9.11
1146	2	30	1	8	6	15.94	9.32	12.64
1146	2	31	0	6	4	15.46	2.68	11.28
1146	2	32	1	12	9	11.22	10.64	8.75
1146	2	33	1	4	2	14.44	4.51	11.18
1146	2	34	0	20	19	12.49	8.97	8.98
1146	2	35	1	10	8	16.8	7.52	12.61
1146	2	36	0	16	14	12	4.79	7.94
1146	3	37	1	18	15	13.51	5.65	10.58
1146	3	38	0	16	14	18.88	1.36	11.73
1146	3	39	1	4	2	14.83	2.9	10.38
1146	3	40	0	10	8	6.64	13.48	10
1146	3	41	1	20	18	10.13	6.71	7.3
1146	3	42	0	14	12	14.96	9.81	12.89
1146	3	43	1	6	4	19.75	10.26	14.98
1146	3	44	0	4	2	11.72	2.85	8.59
1146	3	45	0	18	16	10.64	-0.09	5.46
1146	3	46	1	16	13	12.99	2.26	7.1
1146	3	47	0	6	4	9.08	11.72	9.56
1146	3	48	1	8	6	6.34	8.43	8.07
1146	3	49	0	20	18	19.86	9.27	13.47
1146	3	50	0	8	5	10.56	10.34	10.25
1146	3	51	1	12	9	13.72	13.83	14.43
1146	3	52	0	12	10	9.91	6.75	9.07
1146	3	53	1	14	10	14.93	10.02	11.45
1146	3	54	1	10	7	12.38	2.35	8.01
1147	1	1	0	6	5	20.18	9.31	20.54
1147	1	2	1	16	12	15.13	7.37	15.45
1147	1	3	1	4	8	13.15	1.45	13
1147	1	4	0	14	13	9.66	0.53	9.31
1147	1	5	0	20	25	2.06	2.92	1.94
1147	1	6	1	10	10	10.44	4.64	10.18
1147	1	7	0	8	5	14.19	-1.7	12.65
1147	1	8	1	18	18	16.32	15.06	17.84
1147	1	9	0	12	12	11.61	-3.33	11.64
1147	1	10	1	6	8	17.62	-0.67	17
1147	1	11	1	14	14	22.97	4.59	21.57
1147	1	12	0	18	22	14.27	6.34	13.56
1147	1	13	1	8	9	12.35	2.6	11.45
1147	1	14	0	10	12	9.97	2.55	9.43
1147	1	15	1	20	25	16.83	7.41	16.81
1147	1	16	0	16	20	14.85	8.36	13.65
1147	1	17	1	12	13	6.74	7.25	4.41
1147	1	18	0	4	6	16.27	11.89	15.37
1147	2	19	1	20	22	13.93	6.03	13.99
1147	2	20	0	18	21	15.69	6.96	13.89
1147	2	21	0	8	10	19.67	4.03	20.04
1147	2	22	1	4	5	12.74	5.05	13.49
1147	2	23	1	16	17	19.53	6.87	17.16
1147	2	24	0	14	16	15.7	3.37	15.08
1147	2	25	0	10	12	17.39	1.8	16.99
1147	2	26	1	8	7	29.99	11.77	26.33
1147	2	27	0	20	23	11.73	0.91	9.83
1147	2	28	1	12	13	14.84	-2.6	12.62
1147	2	29	0	16	19	12.94	9.12	13.05
1147	2	30	1	18	19	8.14	7.81	10.21
1147	2	31	1	10	11	13.73	2.27	13.63
1147	2	32	0	6	8	7.25	4.81	8.12
1147	2	33	0	12	14	17.37	0.16	15.57
1147	2	34	1	14	15	23.79	10.77	21.81
1147	2	35	1	6	7	22.46	6.27	20.41
1147	2	36	0	4	6	18.78	4.29	17.08
1147	3	37	0	8	12	14.24	2.28	15.28
1147	3	38	1	16	17	15.52	24.36	18.53
1147	3	39	0	18	21	14.94	7.77	14.63
1147	3	40	1	6	7	11.06	16.84	10.37
1147	3	41	1	20	23	14.61	6.23	15.34
1147	3	42	0	10	12	22.31	11.11	21.36
1147	3	43	1	8	9	10.8	22.86	13.28
1147	3	44	0	16	19	10.72	6.4	8.56
1147	3	45	1	14	15	18.16	3.57	17.92
1147	3	46	0	12	14	11.26	2.89	11.49
1147	3	47	0	6	8	9.08	10.55	9.3
1147	3	48	1	18	19	14.14	3.39	13.07
1147	3	49	0	20	25	21.96	12.67	18.75
1147	3	50	1	4	5	16.67	0.69	15.76
1147	3	51	0	14	16	16.35	1.86	14.89
1147	3	52	1	10	11	14.53	-0.13	14.61
1147	3	53	1	12	13	16.47	6.75	15.04
1147	3	54	0	4	6	15.79	7.87	14.14
1148	1	1	1	10	10	10.47	8.54	11.78
1148	1	2	0	14	16	10.52	5.67	11.2
1148	1	3	1	18	18	17.93	8.74	17.96
1148	1	4	0	6	8	12.87	2.68	12.16
1148	1	5	0	12	13	7.72	15.52	7.42
1148	1	6	1	8	6	9.73	9.25	8.77
1148	1	7	0	16	18	16.34	9.29	16.28
1148	1	8	0	10	12	10.62	10.74	9.49
1148	1	9	1	20	20	17.65	5.35	16.78
1148	1	10	1	4	1	8.23	12.52	7.69
1148	1	11	0	20	24	19.16	5.51	19.4
1148	1	12	1	14	14	4.65	-1.01	6.9
1148	1	13	0	4	5	10.26	2.88	9.77
1148	1	14	0	18	23	14.39	9.41	14.3
1148	1	15	1	6	6	13.17	-0.01	11.81
1148	1	16	0	8	11	10.33	-2.22	11
1148	1	17	1	12	12	14.08	10.05	14.48
1148	1	18	1	16	17	13.77	-0.41	13.3
1148	2	19	0	18	22	19.62	11.4	20.09
1148	2	20	1	4	1	14.15	8.7	14.29
1148	2	21	0	14	18	18	19.25	15.3
1148	2	22	1	12	12	14.84	7.48	14.95
1148	2	23	1	18	21	11.32	4.3	9.42
1148	2	24	0	6	10	13.49	3.32	12.51
1148	2	25	0	20	25	23.35	6.27	22.57
1148	2	26	1	8	9	17.06	-5.86	16.07
1148	2	27	1	14	14	16.95	6.24	15.09
1148	2	28	0	16	21	16.29	7.66	15.4
1148	2	29	0	8	11	6.5	7.27	6.03
1148	2	30	1	10	11	14.27	9.56	13.24
1148	2	31	0	12	16	16.87	1.58	16.06
1148	2	32	1	6	7	13.59	1.87	12.55
1148	2	33	1	20	22	9.96	-5.56	8.89
1148	2	34	0	4	7	9.95	6.77	10.76
1148	2	35	1	16	16	12.58	7.03	10.71
1148	2	36	0	10	13	17.87	3.92	15.93
1148	3	37	1	16	18	12.72	16.27	11.87
1148	3	38	0	18	23	17	11.44	18.85
1148	3	39	1	10	11	15.66	8.92	14.02
1148	3	40	0	4	6	9.89	5.34	9.54
1148	3	41	0	20	25	13.07	10.06	12.52
1148	3	42	1	14	14	11.78	9.35	11.58
1148	3	43	1	4	2	11.53	0.34	10.93
1148	3	44	0	6	8	14.65	6.56	11.87
1148	3	45	1	18	18	13.98	5.1	13.87
1148	3	46	0	16	17	10.56	5.66	11.32
1148	3	47	1	6	5	16.76	8.47	17.85
1148	3	48	0	8	9	13.89	3.25	13.62
1148	3	49	0	12	13	10.38	9.28	10.84
1148	3	50	1	20	20	18.04	3.41	17.63
1148	3	51	0	14	15	14.39	5.3	14.83
1148	3	52	1	8	6	10.71	5.26	11.56
1148	3	53	0	10	12	15.59	12.44	15.84
1148	3	54	1	12	12	14.74	7.94	15.08
1149	1	1	1	6	3	12.17	-3.74	3.45
1149	1	2	0	16	5	11.71	5.47	6.83
1149	1	3	0	4	1	2.89	7.66	2.18
1149	1	4	1	14	4	2.55	14.03	3.13
1149	1	5	0	10	5	1.91	9.31	3.95
1149	1	6	1	20	5	0.93	8.65	2.43
1149	1	7	1	8	0	7.22	7.28	5.53
1149	1	8	0	18	10	-1.33	16	2.66
1149	1	9	1	12	3	-2.29	18.62	3.14
1149	1	10	0	6	5	17.08	4.62	10.97
1149	1	11	1	18	2	8.56	3.36	3.26
1149	1	12	0	14	8	8.07	7.57	4.85
1149	1	13	0	8	5	4.78	3.81	3.62
1149	1	14	1	10	2	1.61	9.03	2.74
1149	1	15	0	20	13	11.33	4.42	5.38
1149	1	16	1	16	3	10.83	6.43	6.4
1149	1	17	1	4	0	9.16	4.93	5.03
1149	1	18	0	12	6	8.48	5.3	3.26
1149	2	19	0	20	10	2.88	8.28	2.27
1149	2	20	1	18	4	5.26	13.57	5.79
1149	2	21	0	4	4	3.99	8.71	4.18
1149	2	22	1	8	0	6.27	3.58	3.21
1149	2	23	0	16	8	10.86	-0.34	3.83
1149	2	24	1	14	5	19.94	-5.8	8.05
1149	2	25	0	8	8	5.18	4.4	3.89
1149	2	26	0	12	8	14.53	3.26	7.65
1149	2	27	1	10	2	6.45	5.83	4.87
1149	2	28	1	20	10	9.51	1.31	5.38
1149	2	29	0	18	8	12.83	5.69	6.56
1149	2	30	1	16	4	15.41	2.88	7.13
1149	2	31	0	10	5	19.52	-0.72	7.39
1149	2	32	1	6	1	6.08	3.83	3.05
1149	2	33	1	12	4	12.5	3.04	5.28
1149	2	34	0	14	7	12.67	2.39	6.88
1149	2	35	1	4	0	20.05	-2.3	8.92
1149	2	36	0	6	5	-2.6	11.16	-0.13
1149	3	37	1	8	2	2.14	10.3	5.86
1149	3	38	0	16	8	6.14	2.01	3.45
1149	3	39	1	18	5	13.59	6.48	5.24
1149	3	40	0	6	5	3.96	5.54	2.22
1149	3	41	1	10	4	-3.58	11.91	1.96
1149	3	42	0	20	10	3.49	8.97	3.57
1149	3	43	1	16	5	16.43	2.44	7.42
1149	3	44	0	8	5	1.81	12.73	3.66
1149	3	45	0	14	7	16.94	-3.77	6.58
1149	3	46	1	12	4	3.18	6.18	4.33
1149	3	47	0	18	9	1.79	14.59	3.59
1149	3	48	1	6	1	8.12	1.3	3.86
1149	3	49	0	4	4	11.99	-2.04	2.61
1149	3	50	0	10	5	14.01	5.14	6.27
1149	3	51	1	20	5	11.1	4.41	6.3
1149	3	52	0	12	6	6.48	3.58	4.63
1149	3	53	1	14	4	5.56	5.59	3.22
1149	3	54	1	4	0	4.33	3.98	3.04
1150	1	1	0	10	5	17.51	4.05	14.74
1150	1	2	1	14	15	17.28	11.15	14.9
1150	1	3	1	6	5	8.35	0.87	5.45
1150	1	4	0	18	15	13.37	7.07	11.23
1150	1	5	0	8	5	16.95	8.33	15.28
1150	1	6	1	12	10	12.34	6.59	10.43
1150	1	7	0	20	23	10.24	6.31	8.23
1150	1	8	1	16	15	12.04	3.05	8.95
1150	1	9	0	4	4	10.83	3.79	9.25
1150	1	10	1	10	10	11.29	-0.27	9.24
1150	1	11	1	20	22	16.71	8.66	14.28
1150	1	12	0	14	15	11.17	0.94	7.25
1150	1	13	1	4	5	13.98	2.53	11.92
1150	1	14	0	6	5	12.5	3.68	10.23
1150	1	15	1	18	20	15.17	5.12	13.01
1150	1	16	0	12	10	16.61	0.99	13.51
1150	1	17	1	8	10	12.42	5.69	10.14
1150	1	18	0	16	18	15.62	3.73	14.78
1150	2	19	1	18	20	12.66	1.36	10.9
1150	2	20	0	4	3	15.7	11.55	14.83
1150	2	21	0	12	10	17.92	5.1	14.77
1150	2	22	1	14	14	9.47	10.32	7.8
1150	2	23	1	6	5	15.81	6.16	15.06
1150	2	24	0	18	20	10.28	5.6	9.11
1150	2	25	0	8	10	9.97	5.52	10.05
1150	2	26	1	20	22	13.64	9.64	13.65
1150	2	27	0	14	15	13.8	10.25	11.94
1150	2	28	1	16	16	13.13	2.16	10.8
1150	2	29	0	10	10	15.22	7.9	15.12
1150	2	30	1	8	8	11.98	8.13	10.67
1150	2	31	1	12	13	11.47	2.43	10.14
1150	2	32	0	6	5	14.46	-1.8	13.35
1150	2	33	0	20	22	10.58	3.85	8.12
1150	2	34	1	4	4	11.01	5.79	10.2
1150	2	35	1	10	10	13.8	9.53	12.39
1150	2	36	0	16	18	18.58	4.69	14.73
1150	3	37	0	16	18	9.4	8.95	8.6
1150	3	38	1	18	20	21.85	3.35	19.56
1150	3	39	0	10	10	4.5	11.08	4.56
1150	3	40	1	4	3	12.82	8.34	12.48
1150	3	41	1	20	22	13.21	11.16	12.82
1150	3	42	0	14	15	17.36	8.76	16.58
1150	3	43	1	6	6	11.63	1.02	9.84
1150	3	44	0	4	5	13.26	4.69	10.19
1150	3	45	1	16	17	17.04	10.05	16.24
1150	3	46	0	18	20	15.09	-0.02	11.34
1150	3	47	0	6	6	13.76	10.71	13.88
1150	3	48	1	8	8	18.88	14.78	18.17
1150	3	49	0	20	22	15.36	10.92	13.93
1150	3	50	1	12	12	15.7	13.01	16.19
1150	3	51	0	8	8	18.61	2.38	17.26
1150	3	52	1	14	14	18.16	-6.68	12.51
1150	3	53	1	10	10	22.23	8.34	21.61
1150	3	54	0	12	10	13.46	14.28	11.92
1151	1	1	1	16	13	14.04	7.02	13.81
1151	1	2	0	6	8	13.27	11.54	13.87
1151	1	3	1	4	4	7.16	6.74	6.94
1151	1	4	0	14	16	16.99	5.87	15.51
1151	1	5	0	20	18	7.47	10.29	7.62
1151	1	6	1	10	10	6.86	9.69	8.04
1151	1	7	0	8	9	13.22	0.64	11.61
1151	1	8	0	12	13	12.48	1.98	11.91
1151	1	9	1	18	14	14.08	-0.26	12.4
1151	1	10	1	6	6	8.73	11.45	9.36
1151	1	11	0	18	19	18.34	12.52	15.79
1151	1	12	1	14	13	15.12	-0.28	13.59
1151	1	13	0	10	13	9.85	9.79	9.78
1151	1	14	0	16	18	15.98	3.15	14.52
1151	1	15	1	8	8	12.65	2.11	11.26
1151	1	16	0	4	5	7.7	7.14	7.11
1151	1	17	1	20	15	15.65	-0.67	13.44
1151	1	18	1	12	12	14.87	-6.06	11.43
1151	2	19	0	18	20	9.89	9	10.02
1151	2	20	1	20	18	15.89	10.01	13.4
1151	2	21	0	8	8	13.25	8.06	12.1
1151	2	22	1	4	4	12.39	11.59	11.69
1151	2	23	1	16	16	14.75	4.02	11.9
1151	2	24	0	14	15	14	-2.09	11.4
1151	2	25	0	10	11	12.01	11.18	12.19
1151	2	26	1	8	8	6.82	11.68	8.44
1151	2	27	1	12	12	13.86	-0.2	11.31
1151	2	28	0	20	20	13.96	6.31	11.62
1151	2	29	0	16	16	12.55	6.54	10.75
1151	2	30	1	18	16	9.05	2.05	10.05
1151	2	31	0	6	6	8.98	5.86	6.96
1151	2	32	1	10	10	3.82	16.51	5.84
1151	2	33	1	14	13	12.88	5.22	10.98
1151	2	34	0	12	12	21.5	20.22	19.62
1151	2	35	1	6	7	14.28	9.79	12.62
1151	2	36	0	4	4	12.05	-1.57	10.47
1151	3	37	1	16	15	12.37	11.17	11.22
1151	3	38	0	8	7	17.32	2.56	14.88
1151	3	39	1	6	6	12.42	4.41	10.78
1151	3	40	0	18	17	18.24	10.38	16.48
1151	3	41	0	10	10	11.86	10.67	10.23
1151	3	42	1	20	15	11.64	-4.25	9.61
1151	3	43	1	8	8	8.64	18.99	9.92
1151	3	44	0	16	17	11.51	3.97	10.77
1151	3	45	1	14	14	13.18	1.62	12.08
1151	3	46	0	12	13	13.89	3.83	12.17
1151	3	47	1	18	14	12.3	1.68	11.97
1151	3	48	0	6	7	11.02	4.23	10.68
1151	3	49	0	20	18	13.93	10.84	13.38
1151	3	50	1	4	4	9.11	2.8	8.52
1151	3	51	0	14	13	8.93	2.99	8.55
1151	3	52	1	10	10	18.67	6.13	15.94
1151	3	53	0	4	4	12.75	2.35	12.42
1151	3	54	1	12	13	17.29	7.74	15.41
1152	1	1	1	10	12	12.2	9.15	12.89
1152	1	2	0	14	16	17.32	5.57	16.73
1152	1	3	0	6	8	11.17	6.4	12.29
1152	1	4	1	18	20	20.84	3.16	18.49
1152	1	5	0	12	15	15.9	2.99	14.28
1152	1	6	1	8	10	15.59	11.83	17.27
1152	1	7	1	20	20	23.18	10.15	21.85
1152	1	8	0	16	18	11.78	7.85	10.75
1152	1	9	1	4	6	10.53	6.21	9.63
1152	1	10	0	10	12	5.79	12.89	8.77
1152	1	11	1	14	16	11.85	8.9	11.49
1152	1	12	0	20	22	22.62	14.27	19.52
1152	1	13	0	4	6	13.49	-0.09	13.08
1152	1	14	1	6	8	11.82	6.34	10.41
1152	1	15	0	18	20	23.1	-1.64	18.77
1152	1	16	1	12	14	15.89	7.01	15.27
1152	1	17	1	16	18	15.36	14.48	16.47
1152	1	18	0	8	10	12.6	6.97	13.52
1152	2	19	0	18	20	12.59	-5.97	10.12
1152	2	20	1	4	6	12.84	6.78	12.89
1152	2	21	0	14	16	13.55	1.28	13.46
1152	2	22	1	12	14	9.08	2.74	8.14
1152	2	23	0	6	8	18.31	8.43	16.97
1152	2	24	1	18	20	12.23	9.15	14.4
1152	2	25	0	20	22	14.84	12.29	16.49
1152	2	26	0	16	18	9.72	6.75	11.36
1152	2	27	1	8	10	7.53	0.44	5.75
1152	2	28	1	14	15	12.46	18.55	14.17
1152	2	29	0	8	10	13.95	5.05	13.4
1152	2	30	1	10	12	12.11	-2.74	9.33
1152	2	31	0	12	14	11.01	8.35	11.2
1152	2	32	1	6	6	15.54	9.08	15.62
1152	2	33	1	20	20	6.13	12.3	9.51
1152	2	34	0	4	4	11.01	10.69	12.08
1152	2	35	1	16	16	17.8	7.76	17.24
1152	2	36	0	10	11	11.35	15.44	12.36
1152	3	37	1	16	16	11.35	5.62	11.73
1152	3	38	0	18	18	22.36	6.04	20.19
1152	3	39	1	10	11	12.32	5.8	11.38
1152	3	40	0	4	4	12.93	0.41	11.95
1152	3	41	1	14	13	14.44	6.47	13.68
1152	3	42	0	20	13	16.26	8.22	16.29
1152	3	43	1	4	3	15.18	6.62	14.84
1152	3	44	0	6	6	14.73	8.8	14.11
1152	3	45	0	16	18	12.02	4.99	11.24
1152	3	46	1	18	18	18.22	8.49	16.1
1152	3	47	0	8	9	9.78	3.5	10.81
1152	3	48	1	6	5	6	6.02	7.41
1152	3	49	0	12	14	16.61	5.02	13.91
1152	3	50	0	14	14	11.5	-1.59	9.33
1152	3	51	1	20	20	12.76	6.48	12.48
1152	3	52	0	10	12	11.76	3.68	10.62
1152	3	53	1	8	10	11	8.47	10.58
1152	3	54	1	12	10	11.17	3.89	9.75
1153	1	1	0	16	18	14.85	8.95	13.59
1153	1	2	1	6	6	16.79	8.1	16.53
1153	1	3	1	14	16	16.54	0.77	16.02
1153	1	4	0	4	4	19.03	14.07	17.94
1153	1	5	0	10	12	18.66	8.5	17.78
1153	1	6	1	20	20	21.58	3.82	21.3
1153	1	7	0	18	20	19.23	8.08	18.13
1153	1	8	1	8	8	5.86	12.72	5.34
1153	1	9	0	6	8	12.61	6.88	12.84
1153	1	10	1	12	12	16.13	-3.47	13.7
1153	1	11	1	18	18	12.58	-5.05	11.92
1153	1	12	0	14	16	10.82	7.47	11.35
1153	1	13	1	10	10	11.4	2.31	10.34
1153	1	14	0	8	10	5.93	-2.06	5.61
1153	1	15	1	16	16	17.1	2.68	16.59
1153	1	16	0	20	25	13.67	7.58	12.85
1153	1	18	0	12	14	8.81	9.82	8.54
1153	2	19	1	18	18	8.12	-0.11	8.37
1153	2	20	0	20	25	16.55	9.74	15.07
1153	2	22	1	8	8	9.51	8.77	9.91
1153	2	23	1	14	14	11.26	2.34	10.61
1153	2	24	0	16	18	12.48	8.68	12.25
1153	2	25	0	8	10	15.65	13.82	14.08
1153	2	26	1	10	10	9.98	8.46	8.99
1153	2	27	0	12	14	14.47	2.63	15.01
1153	2	28	1	20	20	16.4	9.78	15.84
1153	2	29	0	18	22	12.95	17.76	11.43
1153	2	30	1	16	16	10.66	8.24	10.22
1153	2	31	1	6	8	13.78	7.88	12.94
1153	2	32	0	10	12	17.24	5.99	15.91
1153	2	33	0	14	13	12.87	-6.53	13.15
1153	2	34	1	12	14	2.23	0.81	2.71
1153	2	35	1	4	4	17.98	6.92	17.32
1153	2	36	0	6	8	15.35	5.33	14.45
1154	1	2	0	10	12	16.26	3.63	14.28
1154	1	4	0	18	20	15.41	-0.18	12.95
1154	1	5	0	8	10	5	19.33	9.29
1154	1	6	1	12	13	12.35	6.72	11.35
1154	1	7	0	20	15	13.84	7.66	11.1
1154	1	9	1	16	15	17.13	3.85	15.4
1154	1	10	1	10	10	15.09	5.89	15.81
1154	1	11	0	14	15	12.03	2.46	10.47
1154	1	12	1	20	15	10.96	0.36	10.24
1154	1	13	0	6	6	8.84	8.58	11.02
1154	1	14	0	12	15	14.01	-1.5	12.9
1154	1	15	1	4	4	15.05	-0.26	11.29
1154	1	16	0	16	20	10.8	-0.93	9.78
1154	1	18	1	8	5	14.85	3.72	13.07
1154	2	19	0	4	4	21.98	4.62	18.52
1154	2	20	1	18	13	15.65	2.64	15.18
1154	2	21	0	12	12	17.02	4.19	14.68
1154	2	22	1	14	11	12.34	8.69	12.64
1154	2	23	1	6	6	6.07	9.1	6.74
1154	2	24	0	18	20	18.37	8.86	18.91
1154	2	25	0	8	10	14.02	5.99	13.93
1154	2	26	1	20	20	14.68	2.18	12.35
1154	2	27	1	16	17	13.5	8.28	13.25
1154	2	28	0	14	15	9.68	3.5	9.26
1154	2	29	0	10	12	18.72	13.2	18.05
1154	2	30	1	8	8	12.42	5.3	12.81
1154	2	31	0	6	9	20.39	13.61	18.89
1154	2	32	1	12	13	12.98	3.29	9.18
1154	2	33	1	4	5	10.75	-8.42	9.16
1154	2	34	0	20	21	19.11	7.59	17.2
1154	2	35	1	10	13	6.39	11.03	6.73
1154	2	36	0	16	18	15.3	0.35	15.54
1154	3	37	1	18	20	9.49	3.51	11.11
1154	3	38	0	16	18	13.71	1.64	13.61
1154	3	39	1	4	5	10.63	2.59	9.37
1154	3	40	0	10	12	16.7	11.35	14.86
1154	3	41	0	14	15	16.16	14.19	18.88
1154	3	42	1	20	22	15.35	9.23	13.95
1154	3	43	1	6	6	16.48	11.71	19.5
1154	3	44	0	4	5	5.75	2.73	5.71
1154	3	45	1	16	17	20.68	10.58	21.63
1154	3	46	0	18	20	18.91	1.77	17.97
1154	3	47	1	8	8	12.09	4.14	11.55
1154	3	48	0	6	9	14.84	12.7	15.63
1154	3	49	0	20	22	11.82	8.55	10.74
1154	3	50	1	12	14	8.61	-4.27	9.18
1154	3	51	0	8	8	10.51	3.69	11.56
1154	3	52	1	14	14	11.8	15.99	15.69
1154	3	53	0	12	13	8.96	8.62	10.17
1154	3	54	1	10	10	14.02	6.23	14.35
1156	1	1	0	14	8	10.29	6.96	6.26
1156	1	2	1	10	7	16.47	7.59	11.65
1156	1	3	1	18	15	14.45	2.6	8.94
1156	1	4	0	6	3	16.45	-2.56	9.72
1156	1	5	0	12	10	14.54	5.99	9.58
1156	1	6	1	8	6	8.22	6.85	4.73
1156	1	7	0	16	14	17.75	7.38	13.25
1156	1	8	1	20	18	18.01	4.7	12.05
1156	1	9	0	10	8	12.36	7.66	8.12
1156	1	10	1	4	0	14.76	0.02	9.05
1156	1	11	1	14	12	9.37	11.49	6.41
1156	1	12	0	20	18	16.8	6.4	12.81
1156	1	13	1	6	3	13.11	6.24	8.62
1156	1	14	0	4	2	13.67	10.92	9.73
1156	1	15	1	12	10	17.52	7.22	11.58
1156	1	16	0	18	16	9.86	-0.39	5.64
1156	1	17	1	16	14	12.05	1.77	7.66
1156	1	18	0	8	4	15.14	3.79	10.05
1156	2	19	1	4	0	19.35	9.52	13.43
1156	2	20	0	18	16	15.77	3.6	10.89
1156	2	21	0	14	12	17.43	-0.1	10.76
1156	2	22	1	12	9	10.44	3.61	7.55
1156	2	23	1	18	16	15.19	9.66	10.97
1156	2	24	0	6	3	13.75	4.19	8.78
1156	2	25	0	20	18	18.57	8.02	13.52
1156	2	26	1	8	6	13.17	9.77	9.99
1156	2	27	0	16	14	16.24	4.84	10.98
1156	2	28	1	14	12	14.22	13.63	10.43
1156	2	29	0	8	6	12.25	6.18	7.86
1156	2	30	1	10	8	11.56	14.97	7.91
1156	2	31	1	6	3	7.93	9.39	4.82
1156	2	32	0	12	9	14.39	3.17	8.76
1156	2	33	0	4	0	8.69	10.28	4.94
1156	2	34	1	20	17	15.69	2.67	10.54
1156	2	35	1	16	14	16.64	13.83	13.93
1156	2	36	0	10	8	14.49	6.03	10.02
1156	3	37	0	18	14	12	4.34	5.65
1156	3	38	1	16	13	15.67	7.59	11.22
1156	3	39	0	4	0	15.12	2.31	8.74
1156	3	40	1	10	6	11.33	12.35	8.52
1156	3	41	1	14	12	13.58	10.55	9.82
1156	3	42	0	20	16	14.27	9.8	9.63
1156	3	43	1	4	0	12.34	2.76	6.68
1156	3	44	0	6	3	9.71	-0.45	3.01
1156	3	45	1	18	14	11.02	-2.79	5.4
1156	3	46	0	16	13	18.41	0.14	11.69
1156	3	47	0	8	4	7.9	7.37	4.31
1156	3	48	1	6	3	7.14	8.08	3.66
1156	3	49	0	12	9	14.35	7.57	10.66
1156	3	50	1	20	16	12.4	6.85	7.28
1156	3	51	0	14	11	19.27	0.65	11.7
1156	3	52	1	8	4	12.49	1.96	6.93
1156	3	53	1	12	9	12.27	10.22	9.36
1156	3	54	0	10	6	14.18	10.51	9.48
1157	1	1	1	6	6	15.75	3.22	12.85
1157	1	3	1	14	14	15.71	6.73	13.51
1157	1	4	0	4	4	23.81	10.24	20.17
1157	1	5	0	10	10	19.73	12.05	19.68
1157	1	6	1	20	20	20.03	12.41	16.92
1157	1	7	0	18	18	11.05	8.8	10.34
1157	1	8	0	6	6	12.21	8.78	10.64
1157	1	9	1	8	8	18.72	7.79	16.24
1157	1	10	1	12	11	14.25	11.84	11.01
1157	1	11	0	14	13	18.03	1.6	12.69
1157	1	12	1	18	17	13.07	5.03	11.3
1157	1	13	0	8	7	10.48	7.5	9.53
1157	1	14	0	20	18	14.1	13.95	12.35
1157	1	16	0	12	11	18.55	3.22	14.77
1157	1	17	1	16	16	16.22	3.25	15.56
1157	1	18	1	4	4	16.61	0.53	13.01
1157	2	19	0	20	21	13.71	14.19	14.11
1157	2	20	1	18	17	20.03	10.85	17.4
1157	2	21	0	4	4	15.44	2.88	12.58
1157	2	22	1	8	7	8.54	-0.17	7.54
1157	2	23	1	14	14	15.19	3.49	14.13
1157	2	24	0	16	16	9.09	3.73	7.88
1157	2	25	0	8	8	8.47	1.02	7.45
1157	2	26	1	10	10	23.43	-0.57	19.37
1157	2	27	1	20	20	17.14	15.27	14.97
1157	2	28	0	12	12	13.88	-2.37	11.05
1157	2	29	0	18	18	10.65	3.88	10.61
1157	2	30	1	16	16	17.68	9.95	15.39
1157	2	31	0	10	10	19.51	18.05	16.67
1157	2	32	1	6	6	23.49	7.05	20.96
1157	2	33	1	12	12	18.86	2.84	15.19
1157	2	34	0	14	14	4.45	-2.09	3.28
1157	2	35	1	4	4	15.28	1.67	12.21
1157	2	36	0	6	13	14.88	15.39	15.26
1157	3	37	1	8	8	1.49	11.1	1.82
1157	3	38	0	16	16	6.05	4.2	4.92
1157	3	39	1	18	18	16.27	8	14.63
1157	3	40	0	6	6	21.42	18.97	19.75
1157	3	41	0	20	20	14.01	17.47	14.68
1157	3	42	1	10	10	15.68	7.68	14
1157	3	43	1	16	16	16.96	14.78	15.95
1157	3	44	0	8	8	9.73	2.49	8.91
1157	3	45	1	12	12	8.47	6.19	8.42
1157	3	46	0	14	13	8.72	5.41	8.23
1157	3	47	1	6	6	8.93	1.17	6.77
1157	3	48	0	18	18	21.73	5.16	18.5
1157	3	49	0	4	4	11.6	2.07	8.64
1157	3	50	1	20	20	14.6	0.09	11.04
1157	3	51	0	10	13	16.48	-3.98	12.36
1157	3	52	1	14	14	16.26	4.11	13.58
1157	3	53	0	12	12	-1.03	-4.9	-1.22
1157	3	54	1	4	4	14.18	-0.19	10.36