-2.155298155102835719e-02
-1.529664007899088005e-02
1.960979679471755444e-02
-9.705462774166988965e-03
-1.710190398562870528e-02
1.525396827936052226e-02
3.647382633258849450e-04
1.071484723229439856e-02
-4.490082178492629805e-02
-3.000289153836542891e-02
-3.361560941626837162e-02
-2.707504169811825873e-02
3.254013978304502730e-02
3.857764114968229713e-02
2.275560856830097928e-02
2.331298313710802872e-02
-4.946885014955977600e-02
-2.982441508918813253e-02
9.526753250330507626e-04
-7.742346881506140211e-04
2.827205399423603910e-02
4.862042157064185022e-02
1.871828992677336241e-03
7.174757290381525605e-03
-4.102364516125283495e-02
-2.443829096832785333e-02
-2.541752687107512454e-02
-4.249659207883162149e-02
-5.212833602016687246e-02
-4.022520619628897065e-02
-3.852760859326054971e-02
-9.389880144661352096e-03
-5.497599592797649398e-02
-4.661480977345404397e-02
-7.861277230495770929e-02
-5.334292341821465777e-02
2.223041091074502013e-02
1.765932576283169367e-02
1.246078962117552064e-02
3.560014095578760418e-02
-6.359499093518573842e-02
-5.230413650375320689e-02
-2.883293683369628213e-02
-3.315249660371902274e-02
-6.411325648355700128e-04
1.037131645698974314e-02
-1.508444431075634147e-02
-3.564891801892054041e-02
-2.423836290727824153e-02
-1.098606281655990086e-02
-1.828648030268727881e-02
-5.210719431182526951e-02
2.599937243719758692e-02
4.653261907302760209e-02
2.899366714245629056e-02
3.067506322754501996e-02
-3.556180486054194567e-02
-2.365565049662681635e-02
-2.119585902872418368e-02
-5.496655099326697852e-02
-5.734627842400324277e-02
-4.833982492405502346e-02
-3.572283132717256338e-02
-2.798708779676497421e-02
-1.035006948799512168e-02
-3.685419131117968761e-02
-3.054595686033918789e-02
-4.431303708197259494e-02
-1.775177438098031121e-02
-2.260108997875276762e-02
-7.275074302252339774e-03
-4.084766714566905738e-03
-4.870948713614327991e-02
-4.109049653914598893e-02
-4.336015836632001186e-02
-1.834079847277047398e-02
2.245514827230806268e-02
1.329673725731615047e-02
3.505830802206891250e-02
4.088368999510208317e-03
-4.412372732741268178e-02
-5.045546808858100696e-02
-7.216010816460449728e-02
-2.953430681336376845e-02
8.106305354600315538e-03
3.104739301475851684e-02
2.662008037089327872e-02
7.730896730044242715e-02
1.131239854511602132e-02
1.737963882564064547e-02
3.219014886239773485e-03
4.073553441092608862e-02
5.804505551815047903e-02
5.072001155189904964e-02
3.492906943746897086e-02
3.598386327441610577e-02
