0.35185185
0.51851852
0.44444444
0.5
0.52941176
0.66666667
0.53703704
0.53703704
0.46938776
0.77777778
0.51851852
0.57407407
0.46153846
0.53703704
0.59259259
0.62264151
0.64814815
0.46296296
0.62962963
0.42592593
0.59259259
0.55555556
0.5
0.52830189
0.62962963
0.62962963
0.58823529
0.59259259
0.62962963
0.69811321
0.72222222
0.56603774
0.61111111
0.61111111
0.55555556
0.66666667
0.58490566
0.45283019
0.5
0.46296296
0.53703704
0.53703704
0.5
0.42592593
0.48148148
0.53703704
0.48148148
0.62962963
0.33333333
0.5
0.64814815
0.39622642
0.64814815
