-1.212330848354968051e-02
6.656089109484628064e-02
4.852160205330120421e-03
6.536656196812121178e-02
6.754137891140175876e-02
3.610191749824771118e-02
3.327229928875674592e-02
6.283618328532590558e-02
3.947975186206423986e-02
9.135956139425272307e-03
6.744317366572978589e-02
2.632272996835725853e-02
2.639547218202733733e-02
6.205454732061815859e-02
4.370493771707641140e-02
6.637575142896950942e-02
4.293114738631087501e-02
6.142804647238393756e-02
1.147310221027278421e-02
3.473463540684880446e-02
1.717504336592716799e-02
4.995869512802490059e-02
2.262262671643719761e-02
-1.267772952669875101e-02
8.223541677985604301e-03
6.378045348270463405e-03
3.071229941911099003e-03
2.028777941011343511e-02
1.192449016726058152e-02
-1.095285040339641185e-02
7.830000501297056104e-03
2.767750245601947878e-02
3.414085600812169496e-02
8.689058988969617509e-03
1.409855774361119807e-02
-4.248438039494449592e-03
8.317552038007686166e-02
5.873401283753258706e-02
8.301527540308319131e-02
5.401399651707955440e-02
6.083587757406311303e-02
4.271464564703604527e-02
8.671337810416747047e-03
3.117866218492194516e-02
-1.124369149475706181e-03
2.388585989212774902e-02
7.179654714073227528e-02
7.563136576263240068e-03
2.867886371808557947e-02
-1.365204247317929748e-02
2.216981086217596764e-02
2.270001007442542032e-02
4.566997185850108637e-02
3.974701117138819406e-02
1.245099255932868854e-02
5.574174102412660092e-02
8.791711325910740726e-02
4.163958902944308454e-02
8.134356682215279633e-02
2.905537713754150278e-02
6.313895880312100917e-02
2.339004948606359172e-02
4.068882499862013988e-03
-1.645820408519054400e-03
1.290551183746808245e-02
-6.788243898417175952e-03
1.769043774628285479e-02
5.944666270045363167e-03
3.140195684615034594e-02
2.957371389684159552e-02
2.165442500182689772e-02
1.176293118444076552e-02
1.118549072383368849e-02
3.643258491662870746e-02
-2.747980960157639721e-02
6.491467607195984535e-02
-2.363212473415188253e-02
7.398861121785942074e-03
4.161966885375905506e-02
1.537696150392001658e-02
4.442586216174083946e-02
8.693011667416620722e-03
7.309864133593783897e-02
5.155363448645326752e-02
4.568233621053546800e-02
4.273362123668097978e-02
4.578243112175307133e-02
3.853827702630594626e-02
4.714541884180289272e-02
2.822692508998686164e-02
3.838485478263342632e-02
4.932821682447215833e-02
3.236930871989669115e-04
8.453631836464349514e-02
3.531986450185803372e-02
2.856789508544676625e-03
2.191498984177906936e-02
-7.035182497056539225e-03
-5.902790404417417730e-02
2.830456797321836775e-04
-4.599005113276370682e-02
-1.556807440255498706e-02
1.086163875760190402e-04
2.825492450507509704e-02
7.987106757138230650e-02
2.053361415640225784e-02
8.176494325631498972e-02
5.207089221868358569e-02
2.653809826645765063e-02
8.541422209633900420e-02
5.238576005051737844e-02
4.924566456819860771e-02
6.632097192698842292e-02
3.713626089753807591e-02
1.628526750546291021e-02
3.031218221558392573e-02
3.914277533862452890e-02
5.803342525392791995e-02
6.741411255262126645e-02
5.090567258772790704e-02
6.262301366884505394e-02
3.153522173302254761e-02
6.053738800420271904e-02
6.714200284140421637e-02
7.414915368904292925e-02
7.142818556212754411e-02
1.716827023052317630e-02
3.446037505289943452e-03
1.296704601550183449e-03
3.901692421130882604e-02
2.049216753563123591e-02
3.409869164110739155e-03
7.561431298690948245e-03
2.934241227068595456e-02
-3.550669218232467474e-03
1.399649046209750815e-02
4.127133333304325996e-02
3.401670573914401113e-02
5.716060130475592721e-02
9.359306494396435472e-02
4.765231702577005235e-02
6.282435046790703359e-02
2.907562973222908853e-02
1.975121058941344682e-02
6.402471120177700981e-02
1.188482183175592760e-01
1.170159207060442741e-01
7.352261645138605251e-02
1.092088192816522696e-01
6.979781340997115446e-02
-1.827484274800893205e-02
5.134720186663926239e-02
-1.740194589269155809e-02
1.027581999902114560e-02
8.035276763585843043e-03
3.446410187088885108e-02
3.196224663264585902e-02
4.178204474949055031e-02
2.682858664024153836e-02
3.435991815421896023e-02
5.352273565246987164e-02
1.768844078021203706e-02
